5.000000000000000888e+00 3.215612375820643354e-19
5.034693157380139006e+00 3.113843705379559667e-19
5.069627037794075974e+00 3.016344927790925700e-19
5.104803311530234922e+00 2.922865413019772265e-19
5.140223660466546995e+00 2.833174107964511379e-19
5.175889778150882137e+00 2.747057685256086364e-19
5.211803369882009207e+00 2.664318893603341457e-19
5.247966152791137873e+00 2.584775084426607407e-19
5.284379855924021818e+00 2.508256894096173404e-19
5.321046220323622400e+00 2.434607062758136773e-19
5.357966999113356721e+00 2.363679374079473417e-19
5.395143957580921246e+00 2.295337701962155893e-19
5.432578873262690955e+00 2.229455151972213332e-19
5.470273536028714467e+00 2.165913286949237780e-19
5.508229748168283813e+00 2.104601427674463005e-19
5.546449324476114384e+00 2.045416019956054581e-19
5.584934092339116418e+00 1.988260061702760088e-19
5.623685891823758887e+00 1.933042582996021502e-19
5.662706575764059558e+00 1.879678173995430758e-19
5.701998009850164806e+00 1.828086555634980713e-19
5.741562072717556475e+00 1.778192188792364342e-19
5.781400656036880470e+00 1.729923917801741738e-19
5.821515664604382856e+00 1.683214645475933380e-19
5.861909016432995223e+00 1.638001035948525074e-19
5.902582642844026672e+00 1.593847943474383362e-19
5.943538488559517496e+00 1.550733172874986370e-19
5.984778511795218137e+00 1.508994967075997988e-19
6.026304684354212071e+00 1.468580078915545038e-19
6.068118991721204836e+00 1.429437958051928343e-19
6.110223433157442763e+00 1.391520573875515084e-19
6.152620021796308514e+00 1.354782252076985353e-19
6.195310784739581855e+00 1.319179523946053884e-19
6.238297763154347919e+00 1.284670987285896571e-19
6.281583012370603569e+00 1.251217177668088413e-19
6.325168601979518357e+00 1.218780449528081719e-19
6.369056615932393584e+00 1.187324865991929358e-19
6.413249152640303485e+00 1.156816096794114635e-19
6.457748325074419427e+00 1.127221323836557092e-19
6.502556260867045523e+00 1.098509153193036089e-19
6.547675102413337278e+00 1.070649533918827422e-19
6.593107006973743189e+00 1.043613682098953036e-19
6.638854146777149801e+00 1.017374010685422398e-19
6.684918709124731961e+00 9.915837508386834831e-20
6.731302896494550936e+00 9.665413663441927280e-20
6.778008926646843513e+00 9.422306145878312732e-20
6.825039032730071398e+00 9.186278642755557733e-20
6.872395463387687364e+00 8.957103958251526088e-20
6.920080482865659022e+00 8.734563555787993784e-20
6.968096371120712895e+00 8.518447130213832455e-20
7.016445423929364544e+00 8.308552208287994033e-20
7.065129952997670770e+00 8.104683772641455586e-20
7.114152286071764308e+00 7.906653913698178048e-20
7.163514767049155907e+00 7.714281499350418664e-20
7.213219756090789581e+00 7.527391867821991999e-20
7.263269629733905219e+00 7.345816537490496053e-20
7.313666781005652595e+00 7.169392935849485540e-20
7.364413619537513611e+00 6.997964143768844761e-20
7.415512571680523024e+00 6.831378654268314941e-20
7.466966080621261881e+00 6.669490146770921808e-20
7.518776606498691173e+00 6.512157270806366060e-20
7.570946626521762646e+00 6.359243446493699284e-20
7.623478635087869826e+00 6.210616671704707810e-20
7.676375143902114395e+00 6.066149341077141469e-20
7.729638682097387914e+00 5.925718076154856958e-20
7.783271796355308858e+00 5.789203560634527137e-20
7.837277051027977670e+00 5.656490386962050487e-20
7.891657028260587126e+00 5.527466909476374883e-20
7.946414328114890679e+00 5.402025104572765449e-20
8.001551568693503924e+00 5.280060437337614720e-20
8.057071386265098667e+00 5.161471733945251814e-20
8.112976435390438112e+00 5.046161061058255011e-20
8.169269389049306440e+00 4.934033609789781400e-20
8.225952938768314127e+00 4.824997584228049613e-20
8.283029794749570129e+00 4.718964094893005152e-20
8.340502686000293764e+00 4.615847058175909978e-20
8.398374360463268573e+00 4.515563096436812896e-20
8.456647585148241220e+00 4.418031446564380395e-20
8.515325146264222766e+00 4.323173867755363526e-20
8.574409849352699453e+00 4.230914555982235695e-20
8.633904519421777835e+00 4.141180059684783000e-20
8.693812001081255403e+00 4.053899200390800504e-20
8.754135158678622020e+00 3.969002994233248112e-20
8.814876876436029463e+00 3.886424578422569606e-20
8.876040058588174020e+00 3.806099138563498260e-20
8.937627629521175621e+00 3.727963839813702094e-20
8.999642533912386000e+00 3.651957759276622208e-20
9.062087736871186294e+00 3.578021822233269077e-20
9.124966224080763411e+00 3.506098739298822733e-20
9.188281001940856285e+00 3.436132946047357895e-20
9.252035097711509337e+00 3.368070545245294181e-20
9.316231559657802919e+00 3.301859250710744069e-20
9.380873457195605170e+00 3.237448332668290075e-20
9.445963881038332843e+00 3.174788565418575059e-20
9.511505943344722880e+00 3.113832177001881230e-20
9.577502777867637818e+00 3.054532799834655244e-20
9.643957540103892612e+00 2.996845424103796473e-20
9.710873407445131278e+00 2.940726351148049368e-20
9.778253579329746259e+00 2.886133150350301100e-20
9.846101277395861828e+00 2.833024615416227982e-20
9.914419745635354886e+00 2.781360724682524174e-20
9.983212250548969990e+00 2.731102600086697556e-20
1.005248208130249488e+01 2.683521268065204692e-20
1.012223254988401777e+01 2.637607052168369023e-20
1.019246699126231981e+01 2.592895644158148695e-20
1.026318876354625864e+01 2.549355679521355448e-20
1.033440124814541505e+01 2.506956667731200710e-20
1.040610784993169524e+01 2.465668961806678541e-20
1.047831199740216412e+01 2.425463732060146249e-20
1.055101714284298176e+01 2.386312937544562547e-20
1.062422676249441267e+01 2.348189300542867776e-20
1.069794435671711241e+01 2.311066281309531547e-20
1.077217345015942129e+01 2.274918053737044494e-20
1.084691759192592109e+01 2.239719482118657475e-20
1.092218035574714108e+01 2.205446098515828167e-20
1.099796534015037253e+01 2.172074081304722277e-20
1.107427616863180120e+01 2.139580234178576951e-20
1.115111648982969150e+01 2.107941965947740735e-20
1.122848997769887447e+01 2.077137271992232442e-20
1.130640033168639569e+01 2.047144714834917707e-20
1.138485127690839782e+01 2.017943406969231783e-20
1.146384656432824833e+01 1.989512993523711989e-20
1.154338997093584673e+01 1.961833635863399070e-20
1.162348529992824453e+01 1.934885995868865574e-20
1.170413638089146957e+01 1.908651220660810835e-20
1.178534706998363824e+01 1.883110928316851423e-20
1.186712125011933594e+01 1.858247193676067500e-20
1.194946283115524999e+01 1.834042535231211484e-20
1.203237575007712579e+01 1.810479901856409207e-20
1.211586397118800207e+01 1.787542661027688476e-20
1.219993148629774993e+01 1.765214586699513993e-20
1.228458231491395480e+01 1.743479848144775940e-20
1.236982050443406855e+01 1.722322998856352360e-20
1.245565013033894708e+01 1.701728966506396160e-20
1.254207529638770424e+01 1.681683042720121078e-20
1.262910013481392113e+01 1.662170873432429700e-20
1.271672880652324622e+01 1.643178449970506943e-20
1.280496550129229583e+01 1.624692100044468731e-20
1.289381443796900939e+01 1.606698479304655979e-20
1.298327986467436013e+01 1.589184563259430156e-20
1.307336605900545834e+01 1.572137639559063765e-20
1.316407732824010424e+01 1.555545300313860003e-20
1.325541800954269256e+01 1.539395435002432437e-20
1.334739247017160935e+01 1.523676223426999329e-20
1.344000510768803558e+01 1.508376129106734947e-20
1.353326035016620388e+01 1.493483892850276289e-20
1.362716265640514379e+01 1.478988526406094862e-20
1.372171651614182508e+01 1.464879306702929455e-20
1.381692645026585531e+01 1.451145769775961009e-20
1.391279701103562694e+01 1.437777705247023975e-20
1.400933278229597434e+01 1.424765151037132059e-20
1.410653837969735847e+01 1.412098387812114024e-20
1.420441845091651878e+01 1.399767934141517032e-20
1.430297767587871505e+01 1.387764541349013631e-20
1.440222076698148790e+01 1.376079188752249235e-20
1.450215246931995594e+01 1.364703078837455941e-20
1.460277756091373114e+01 1.353627632951316967e-20
1.470410085293531743e+01 1.342844486430897995e-20
1.480612718994017740e+01 1.332345484570602413e-20
1.490886145009836561e+01 1.322122678063720381e-20
1.501230854542774473e+01 1.312168319041190115e-20
1.511647342202888744e+01 1.302474856731339315e-20
1.522136106032151126e+01 1.293034933674675996e-20
1.532697647528264007e+01 1.283841381521138006e-20
1.543332471668636963e+01 1.274887217306570937e-20
1.554041086934531712e+01 1.266165639545082627e-20
1.564824005335375823e+01 1.257670024507601523e-20
1.575681742433239485e+01 1.249393922506163345e-20
1.586614817367488683e+01 1.241331054213531782e-20
1.597623752879606585e+01 1.233475307084293731e-20
1.608709075338185457e+01 1.225820731811215916e-20
1.619871314764099068e+01 1.218361538855509953e-20
1.631111004855834778e+01 1.211092094940446986e-20
1.642428683015022273e+01 1.204006919662452533e-20
1.653824890372121104e+01 1.197100682188712308e-20
1.665300171812294039e+01 1.190368197867835688e-20
1.676855076001465861e+01 1.183804424981097179e-20
1.688490155412545590e+01 1.177404461562114594e-20
1.700205966351853704e+01 1.171163542127707705e-20
1.712003068985712417e+01 1.165077034632015813e-20
1.723882027367231728e+01 1.159140437285725743e-20
1.735843409463281262e+01 1.153349375514302321e-20
1.747887787181637265e+01 1.147699599025952931e-20
1.760015736398340280e+01 1.142186978711018128e-20
1.772227836985217664e+01 1.136807503817080339e-20
1.784524672837614645e+01 1.131557278990612691e-20
1.796906831902314394e+01 1.126432521497486542e-20
1.809374906205639988e+01 1.121429558384327994e-20
1.821929491881772734e+01 1.116544823729706539e-20
1.834571189201246710e+01 1.111774855967902985e-20
1.847300602599650787e+01 1.107116295169809786e-20
1.860118340706534568e+01 1.102565880436204430e-20
1.873025016374496232e+01 1.098120447397006885e-20
1.886021246708499532e+01 1.093776925571360186e-20
1.899107653095367709e+01 1.089532335936088809e-20
1.912284861233499456e+01 1.085383788524221562e-20
1.925553501162785963e+01 1.081328479958902545e-20
1.938914207294728342e+01 1.077363691163765429e-20
1.952367618442780639e+01 1.073486785027726401e-20
1.965914377852884698e+01 1.069695204195967190e-20
1.979555133234229203e+01 1.065986468811189235e-20
1.993290536790221168e+01 1.062358174378317849e-20
2.007121245249660646e+01 1.058807989647317504e-20
2.021047919898153822e+01 1.055333654555095391e-20
2.035071226609719020e+01 1.051932978175272564e-20
2.049191835878630386e+01 1.048603836749688081e-20
2.063410422851477577e+01 1.045344171770397573e-20
2.077727667359437191e+01 1.042151988064776173e-20
2.092144253950791111e+01 1.039025351968757255e-20
2.106660871923644152e+01 1.035962389525651299e-20
2.121278215358888275e+01 1.032961284712685645e-20
2.135996983153390261e+01 1.030020277741517274e-20
2.150817879053397164e+01 1.027137663385030154e-20
2.165741611688200052e+01 1.024311789335441297e-20
2.180768894604002384e+01 1.021541054632468384e-20
2.195900446298042752e+01 1.018823908101674117e-20
2.211136990252950341e+01 1.016158846859713327e-20
2.226479254971327393e+01 1.013544414827385200e-20
2.241927974010593871e+01 1.010979201327767685e-20
2.257483886018050612e+01 1.008461839668354483e-20
2.273147734766199335e+01 1.005991005812140521e-20
2.288920269188310286e+01 1.003565417045458010e-20
2.304802243414216534e+01 1.001183830703135559e-20
2.320794416806389648e+01 9.988450429336039309e-21
2.336897553996231380e+01 9.965478874766398108e-21
2.353112424920640322e+01 9.942912344933767572e-21
2.369439804858827614e+01 9.920739894408111519e-21
2.385880474469372459e+01 9.898950919318653305e-21
2.402435219827565405e+01 9.877535146958127283e-21
2.419104832462978294e+01 9.856482625061340464e-21
2.435890109397316294e+01 9.835783711820053295e-21
2.452791853182525017e+01 9.815429065935738080e-21
2.469810871939160180e+01 9.795409637222923141e-21
2.486947979395032249e+01 9.775716657159376806e-21
2.504203994924105814e+01 9.756341630074949327e-21
2.521579743585680333e+01 9.737276324392867797e-21
2.539076056163837691e+01 9.718512764012880326e-21
2.556693769207162603e+01 9.700043220466505529e-21
2.574433725068747236e+01 9.681860204640285391e-21
2.592296771946456246e+01 9.663956459359591791e-21
2.610283763923488465e+01 9.646324951679447912e-21
2.628395561009211789e+01 9.628958865873201344e-21
2.646633029180280161e+01 9.611851596354486285e-21
2.664997040422045060e+01 9.594996740842490876e-21
2.683488472770237721e+01 9.578388093939208035e-21
2.702108210352958650e+01 9.562019640624465637e-21
2.720857143432946046e+01 9.545885550190118371e-21
2.739736168450142983e+01 9.529980170257099720e-21
2.758746188064564109e+01 9.514298020999412116e-21
2.777888111199438370e+01 9.498833789604520468e-21
2.797162853084689971e+01 9.483582324769397970e-21
2.816571335300678314e+01 9.468538631581565309e-21
2.836114485822271192e+01 9.453697866355451299e-21
2.855793239063217115e+01 9.439055331790436482e-21
2.875608535920806474e+01 9.424606472215589158e-21
2.895561323820880162e+01 9.410346869009588812e-21
2.915652556763112102e+01 9.396272236129759497e-21
2.935883195366627163e+01 9.382378415863384111e-21
2.956254206915940230e+01 9.368661374627191010e-21
2.976766565407184473e+01 9.355117198989732395e-21
2.997421251594705538e+01 9.341742091746637003e-21
3.018219253037934635e+01 9.328532368178031695e-21
3.039161564148614758e+01 9.315484452424121860e-21
3.060249186238350916e+01 9.302594873935210509e-21
3.081483127566470870e+01 9.289860264108952371e-21
3.102864403388251446e+01 9.277277352969026016e-21
3.124394036003446828e+01 9.264842965997796109e-21
3.146073054805171409e+01 9.252554021062265909e-21
3.167902496329126549e+01 9.240407525435214341e-21
3.189883404303140679e+01 9.228400572909378055e-21
3.212016829697096654e+01 9.216530341052199282e-21
3.234303830773163213e+01 9.204794088440456758e-21
3.256745473136400904e+01 9.193189152175677666e-21
3.279342829785717583e+01 9.181712945263381824e-21
3.302096981165151846e+01 9.170362954240369093e-21
3.325009015215560737e+01 9.159136736804748228e-21
3.348080027426610883e+01 9.148031919550695696e-21
3.371311120889170354e+01 9.137046195780850530e-21
3.394703406348055807e+01 9.126177323360808813e-21
3.418258002255118555e+01 9.115423122686095475e-21
3.441976034822749142e+01 9.104781474695620221e-21
3.465858638077703091e+01 9.094250318945300706e-21
3.489906953915329524e+01 9.083827651752135637e-21
3.514122132154175659e+01 9.073511524419535553e-21
3.538505330590944453e+01 9.063300041482644169e-21
3.563057715055874297e+01 9.053191359041593464e-21
3.587780459468464045e+01 9.043183683145917782e-21
3.612674745893606598e+01 9.033275268219016752e-21
3.637741764598116134e+01 9.023464415550908971e-21
3.662982714107614868e+01 9.013749471834914946e-21
3.688398801263866744e+01 9.004128827749411313e-21
3.713991241282458589e+01 8.994600916588058296e-21
3.739761257810909711e+01 8.985164212945200563e-21
3.765710082987187235e+01 8.975817231433868937e-21
3.791838957498595164e+01 8.966558525436316806e-21
3.818149130641122468e+01 8.957386685931533522e-21
3.844641860379156384e+01 8.948300340325169744e-21
3.871318413405634118e+01 8.939298151338032110e-21
3.898180065202618039e+01 8.930378815917920775e-21
3.925228100102253848e+01 8.921541064206960829e-21
3.952463811348211919e+01 8.912783658517340086e-21
3.979888501157492442e+01 8.904105392374036136e-21
4.007503480782702354e+01 8.895505089549144545e-21
4.035310070574752928e+01 8.886981603166208576e-21
4.063309600045972303e+01 8.878533814807577748e-21
4.091503407933696224e+01 8.870160633664741709e-21
4.119892842264259514e+01 8.861860995709321215e-21
4.148479260417452963e+01 8.853633862901653864e-21
4.177264029191434958e+01 8.845478222404572317e-21
4.206248524868058780e+01 8.837393085860327439e-21
4.235434133278702973e+01 8.829377488644519153e-21
4.264822249870512394e+01 8.821430489178966764e-21
4.294414279773126708e+01 8.813551168256640420e-21
4.324211637865862912e+01 8.805738628386307782e-21
4.354215748845361134e+01 8.797991993162112445e-21
4.384428047293715025e+01 8.790310406648293496e-21
4.414849977747045529e+01 8.782693032796361494e-21
4.445482994764580553e+01 8.775139054863079429e-21
4.476328562998200056e+01 8.767647674865459158e-21
4.507388157262457895e+01 8.760218113043751951e-21
4.538663262605113857e+01 8.752849607338320775e-21
4.570155374378115454e+01 8.745541412897133368e-21
4.601865998309111916e+01 8.738292801587882053e-21
4.633796650573440701e+01 8.731103061526683102e-21
4.665948857866618482e+01 8.723971496628144894e-21
4.698324157477347285e+01 8.716897426168600104e-21
4.730924097361000236e+01 8.709880184353126562e-21
4.763750236213646616e+01 8.702919119914494911e-21
4.796804143546572874e+01 8.696013595712177953e-21
4.830087399761322331e+01 8.689162988344224610e-21
4.863601596225270640e+01 8.682366687782926640e-21
4.897348335347697201e+01 8.675624097006145991e-21
4.931329230656412221e+01 8.668934631656583193e-21
4.965545906874899629e+01 8.662297719700222703e-21
4.999999999999999289e+01 8.655712801099926902e-21
5.034693157380139894e+01 8.649179327502124914e-21
5.069627037794075619e+01 8.642696761930585224e-21
5.104803311530231724e+01 8.636264578489972933e-21
5.140223660466548239e+01 8.629882262077360499e-21
5.175889778150880716e+01 8.623549308111643607e-21
5.211803369882010628e+01 8.617265222258193370e-21
5.247966152791137517e+01 8.611029520174067841e-21
5.284379855924019154e+01 8.604841727255483469e-21
5.321046220323622578e+01 8.598701378393450705e-21
5.357966999113354944e+01 8.592608017739656151e-21
5.395143957580922489e+01 8.586561198479756531e-21
5.432578873262691133e+01 8.580560482610261213e-21
5.470273536028711447e+01 8.574605440727138827e-21
5.508229748168283635e+01 8.568695651817905605e-21
5.546449324476112963e+01 8.562830703063186887e-21
5.584934092339118195e+01 8.557010189641236737e-21
5.623685891823758709e+01 8.551233714541059545e-21
5.662706575764056538e+01 8.545500888382319025e-21
5.701998009850164806e+01 8.539811329237880320e-21
5.741562072717555054e+01 8.534164662464994724e-21
5.781400656036881713e+01 8.528560520540409980e-21
5.821515664604383034e+01 8.522998542900202127e-21
5.861909016432991848e+01 8.517478375787270434e-21
5.902582642844026850e+01 8.511999672100777826e-21
5.943538488559515542e+01 8.506562091251924310e-21
5.984778511795219202e+01 8.501165299023438352e-21
6.026304684354212071e+01 8.495808967435598351e-21
6.068118991721201638e+01 8.490492774614634454e-21
6.110223433157442230e+01 8.485216404665871455e-21
6.152620021796307270e+01 8.479979547549536414e-21
6.195310784739583454e+01 8.474781898964357253e-21
6.238297763154347564e+01 8.469623160230740058e-21
6.281583012370606411e+01 8.464503038181204729e-21
6.325168601979518002e+01 8.459421245050888346e-21
6.369056615932391452e+01 8.454377498374098648e-21
6.413249152640305795e+01 8.449371520883875288e-21
6.457748325074419427e+01 8.444403040414277474e-21
6.502556260867048366e+01 8.439471789805911087e-21
6.547675102413337811e+01 8.434577506814614022e-21
6.593107006973741591e+01 8.429719934023298253e-21
6.638854146777151755e+01 8.424898818756607056e-21
6.684918709124731606e+01 8.420113912997945050e-21
6.731302896494554489e+01 8.415364973310518077e-21
6.778008926646843690e+01 8.410651760759418802e-21
6.825039032730067845e+01 8.405974040836932229e-21
6.872395463387690029e+01 8.401331583391395158e-21
6.920080482865657245e+01 8.396724162556674052e-21
6.968096371120716981e+01 8.392151556684671718e-21
7.016445423929364722e+01 8.387613548281120118e-21
7.065129952997666862e+01 8.383109923942263913e-21
7.114152286071765730e+01 8.378640474293858142e-21
7.163514767049153420e+01 8.374204993933772496e-21
7.213219756090792600e+01 8.369803281374082519e-21
7.263269629733905219e+01 8.365435138987643106e-21
7.313666781005647977e+01 8.361100372955275895e-21
7.364413619537515387e+01 8.356798793213802257e-21
7.415512571680521603e+01 8.352530213409566699e-21
7.466966080621266144e+01 8.348294450849151107e-21
7.518776606498691706e+01 8.344091326454690170e-21
7.570946626521758560e+01 8.339920664720882509e-21
7.623478635087872135e+01 8.335782293671652744e-21
7.676375143902112086e+01 8.331676044821112291e-21
7.729638682097392177e+01 8.327601753132971895e-21
7.783271796355309391e+01 8.323559256984732871e-21
7.837277051027973584e+01 8.319548398130632516e-21
7.891657028260588902e+01 8.315569021667851558e-21
7.946414328114889258e+01 8.311620976003618376e-21
8.001551568693507477e+01 8.307704112821884386e-21
8.057071386265099022e+01 8.303818287055477808e-21
8.112976435390434915e+01 8.299963356854489825e-21
8.169269389049308927e+01 8.296139183560772560e-21
8.225952938768311640e+01 8.292345631679734740e-21
8.283029794749575103e+01 8.288582568855316637e-21
8.340502686000294830e+01 8.284849865846674284e-21
8.398374360463265020e+01 8.281147396504510095e-21
8.456647585148242285e+01 8.277475037748819348e-21
8.515325146264220280e+01 8.273832669549596274e-21
8.574409849352703361e+01 8.270220174905402073e-21
8.633904519421778900e+01 8.266637439826320433e-21
8.693812001081251140e+01 8.263084353315563394e-21
8.754135158678624862e+01 8.259560807352456957e-21
8.814876876436026976e+01 8.256066696878584928e-21
8.876040058588178283e+01 8.252601919782143740e-21
8.937627629521176686e+01 8.249166376884167545e-21
8.999642533912381737e+01 8.245759971926298553e-21
9.062087736871187360e+01 8.242382611559487248e-21
9.124966224080760924e+01 8.239034205332524068e-21
9.188281001940860904e+01 8.235714665682606869e-21
9.252035097711508627e+01 8.232423907925797035e-21
9.316231559657798300e+01 8.229161850250036483e-21
9.380873457195606591e+01 8.225928413706720207e-21
9.445963881038331067e+01 8.222723522204112011e-21
9.511505943344727143e+01 8.219547102503780031e-21
9.577502777867637462e+01 8.216399084212918598e-21
9.643957540103887993e+01 8.213279399782977510e-21
9.710873407445130567e+01 8.210187984504558326e-21
9.778253579329744127e+01 8.207124776506003014e-21
9.846101277395865736e+01 8.204089716752021732e-21
9.914419745635355241e+01 8.201082749041935409e-21
9.983212250548965017e+01 8.198103820010006774e-21
1.005248208130249452e+02 8.195152879126622987e-21
1.012223254988401777e+02 8.192229878698963705e-21
1.019246699126232016e+02 8.189334773873121102e-21
1.026318876354625900e+02 8.186467522637673380e-21
1.033440124814540866e+02 8.183628085826718100e-21
1.040610784993169489e+02 8.180816427124337938e-21
1.047831199740216306e+02 8.178032513069424536e-21
1.055101714284298140e+02 8.175276313061781291e-21
1.062422676249441338e+02 8.172547799368191542e-21
1.069794435671710602e+02 8.169846947130038028e-21
1.077217345015942129e+02 8.167173734369571188e-21
1.084691759192592002e+02 8.164528142001664859e-21
1.092218035574714037e+02 8.161910153838846260e-21
1.099796534015037253e+02 8.159319756605007714e-21
1.107427616863179480e+02 8.156756939942913260e-21
1.115111648982969115e+02 8.154221696427681663e-21
1.122848997769886807e+02 8.151714021577765726e-21
1.130640033168639604e+02 8.149233913867112729e-21
1.138485127690839818e+02 8.146781374739733785e-21
1.146384656432825437e+02 8.144356408622806188e-21
1.154338997093584709e+02 8.141959022941281888e-21
1.162348529992823813e+02 8.139589228134133013e-21
1.170413638089146957e+02 8.137247037668715094e-21
1.178534706998363788e+02 8.134932468059754023e-21
1.186712125011934233e+02 8.132645538884988220e-21
1.194946283115525034e+02 8.130386272803750843e-21
1.203237575007711939e+02 8.128154695577348536e-21
1.211586397118800136e+02 8.125950836085371649e-21
1.219993148629774993e+02 8.123774726349217667e-21
1.228458231491396191e+02 8.121626401551913239e-21
1.236982050443406962e+02 8.119505900059076727e-21
1.245565013033894104e+02 8.117413263442476234e-21
1.254207529638770353e+02 8.115348536502534405e-21
1.262910013481392184e+02 8.113311767292999883e-21
1.271672880652325262e+02 8.111303007145101183e-21
1.280496550129229547e+02 8.109322310693746862e-21
1.289381443796900157e+02 8.107369735902621286e-21
1.298327986467436119e+02 8.105445344093269186e-21
1.307336605900545976e+02 8.103549199972329507e-21
1.316407732824011134e+02 8.101681371658685005e-21
1.325541800954269434e+02 8.099841930716583727e-21
1.334739247017160153e+02 8.098030952183521358e-21
1.344000510768803451e+02 8.096248514602864673e-21
1.353326035016620494e+02 8.094494700057419891e-21
1.362716265640515019e+02 8.092769594201258671e-21
1.372171651614182508e+02 8.091073286295725474e-21
1.381692645026584785e+02 8.089405869244668542e-21
1.391279701103562729e+02 8.087767439632139978e-21
1.400933278229597363e+02 8.086158097758901142e-21
1.410653837969736628e+02 8.084577947683974594e-21
1.420441845091651771e+02 8.083027097263743479e-21
1.430297767587870794e+02 8.081505658195673145e-21
1.440222076698148612e+02 8.080013746060358108e-21
1.450215246931995523e+02 8.078551480369577014e-21
1.460277756091373931e+02 8.077118984610604068e-21
1.470410085293531779e+02 8.075716386297754753e-21
1.480612718994017030e+02 8.074343817022416365e-21
1.490886145009836525e+02 8.073001412508587023e-21
1.501230854542774296e+02 8.071689312666613629e-21
1.511647342202889490e+02 8.070407661654564329e-21
1.522136106032151304e+02 8.069156607939561864e-21
1.532697647528263190e+02 8.067936304364023520e-21
1.543332471668637140e+02 8.066746908216141136e-21
1.554041086934531677e+02 8.065588581303493761e-21
1.564824005335376569e+02 8.064461490033611706e-21
1.575681742433239378e+02 8.063365805500255199e-21
1.586614817367487831e+02 8.062301703575111221e-21
1.597623752879606513e+02 8.061269365009437466e-21
1.608709075338185528e+02 8.060268975543670325e-21
1.619871314764099282e+02 8.059300726029414492e-21
1.631111004855834778e+02 8.058364812562878311e-21
1.642428683015021704e+02 8.057461436634941339e-21
1.653824890372121104e+02 8.056590805298650060e-21
1.665300171812293968e+02 8.055753131360525926e-21
1.676855076001465932e+02 8.054948633596895439e-21
1.688490155412545448e+02 8.054177537002428397e-21
1.700205966351852851e+02 8.053440073081807952e-21
1.712003068985712559e+02 8.052736480185543577e-21
1.723882027367231728e+02 8.052067003911061021e-21
1.735843409463281262e+02 8.051431897577459090e-21
1.747887787181637407e+02 8.050831422795536763e-21
1.760015736398339357e+02 8.050265850160000996e-21
1.772227836985217664e+02 8.049735460097936671e-21
1.784524672837614503e+02 8.049240543912555297e-21
1.796906831902314536e+02 8.048781405090283039e-21
1.809374906205640059e+02 8.048358360946126305e-21
1.821929491881772094e+02 8.047971744722253787e-21
1.834571189201246852e+02 8.047621908288157763e-21
1.847300602599650858e+02 8.047309225667251505e-21
1.860118340706534639e+02 8.047034097684338349e-21
1.873025016374496374e+02 8.046796958186374446e-21
1.886021246708498609e+02 8.046598282478476753e-21
1.899107653095367994e+02 8.046438598945328881e-21
1.912284861233499385e+02 8.046318505324762504e-21
1.925553501162786176e+02 8.046238691920798383e-21
1.938914207294728271e+02 8.046199975382877730e-21
1.952367618442779644e+02 8.046203348976684225e-21
1.965914377852884911e+02 8.046250059296312527e-21
1.979555133234229061e+02 8.046341726694121169e-21
1.993290536790221097e+02 8.046480540559204595e-21
2.007121245249660717e+02 8.046669588027000076e-21
2.021047919898154817e+02 8.046913431958230702e-21
2.035071226609719020e+02 8.047219181174209269e-21
2.049191835878630457e+02 8.047598599737872749e-21
2.063410422851477790e+02 8.048072596132783130e-21
2.077727667359437476e+02 8.048681754095795985e-21
2.092144253950791892e+02 8.049514403899128212e-21
2.106660871923644152e+02 8.050795913364750114e-21
2.121278215358888133e+02 8.053258765777354370e-21
2.135996983153390261e+02 8.060567966104982809e-21
2.150817879053397235e+02 8.130042747617059028e-21
2.165741611688201260e+02 8.193571682282037350e-21
2.180768894604002526e+02 8.063775538529421797e-21
2.195900446298042823e+02 8.056237751670050489e-21
2.211136990252950341e+02 8.054854017224654697e-21
2.226479254971327464e+02 8.054804428516576760e-21
2.241927974010595221e+02 8.055231819039361028e-21
2.257483886018050612e+02 8.055889519792822634e-21
2.273147734766199335e+02 8.056685650016060300e-21
2.288920269188310215e+02 8.057579943793123019e-21
2.304802243414216605e+02 8.058552697040560055e-21
2.320794416806390643e+02 8.059593499493411688e-21
2.336897553996231522e+02 8.060696560239516565e-21
2.353112424920640535e+02 8.061858561949138943e-21
2.369439804858827756e+02 8.063077594348158768e-21
2.385880474469372530e+02 8.064352588928924604e-21
2.402435219827566755e+02 8.065683003000860951e-21
2.419104832462978152e+02 8.067068635045670837e-21
2.435890109397315086e+02 8.068509512634800332e-21
2.452791853182525017e+02 8.070005822126810033e-21
2.469810871939160108e+02 8.071557863300787698e-21
2.486947979395033599e+02 8.073166019343059237e-21
2.504203994924105814e+02 8.074830736556478547e-21
2.521579743585679125e+02 8.076552510370105270e-21
2.539076056163837620e+02 8.078331875534065233e-21
2.556693769207162745e+02 8.080169399146295277e-21
2.574433725068748231e+02 8.082065675621638081e-21
2.592296771946456033e+02 8.084021323034561386e-21
2.610283763923487186e+02 8.086036980425660705e-21
2.628395561009211860e+02 8.088113305811046723e-21
2.646633029180280232e+02 8.090250974702904594e-21
2.664997040422045984e+02 8.092450679007466294e-21
2.683488472770237649e+02 8.094713126204021290e-21
2.702108210352957371e+02 8.097039038740495031e-21
2.720857143432946259e+02 8.099429153587829375e-21
2.739736168450143055e+02 8.101884221923893857e-21
2.758746188064563967e+02 8.104405008911896915e-21
2.777888111199438299e+02 8.106992293556476793e-21
2.797162853084688550e+02 8.109646868622797438e-21
2.816571335300678243e+02 8.112369540598136726e-21
2.836114485822271263e+02 8.115161129699596207e-21
2.855793239063216902e+02 8.118022469908939367e-21
2.875608535920806617e+02 8.120954409033930993e-21
2.895561323820878670e+02 8.123957808793403095e-21
2.915652556763112102e+02 8.127033544917243765e-21
2.935883195366627092e+02 8.130182507263729952e-21
2.956254206915940017e+02 8.133405599949593932e-21
2.976766565407184544e+02 8.136703741489197329e-21
2.997421251594703904e+02 8.140077864945760247e-21
3.018219253037934777e+02 8.143528918088936948e-21
3.039161564148614616e+02 8.147057863561348605e-21
3.060249186238351058e+02 8.150665679050744890e-21
3.081483127566470444e+02 8.154353357468220203e-21
3.102864403388250025e+02 8.158121907132601900e-21
3.124394036003446899e+02 8.161972351958768629e-21
3.146073054805171409e+02 8.165905731652324231e-21
3.167902496329126620e+02 8.169923101906712157e-21
3.189883404303140537e+02 8.174025534605575030e-21
3.212016829697095091e+02 8.178214118028860750e-21
3.234303830773163213e+02 8.182489957063508697e-21
3.256745473136401188e+02 8.186854173415785010e-21
3.279342829785717299e+02 8.191307905829658970e-21
3.302096981165151988e+02 8.195852310307532629e-21
3.325009015215558748e+02 8.200488560335249607e-21
3.348080027426610741e+02 8.205217847110022891e-21
3.371311120889170638e+02 8.210041379771939128e-21
3.394703406348055523e+02 8.214960385641093271e-21
3.418258002255118981e+02 8.219976110455969050e-21
3.441976034822747579e+02 8.225089818620325135e-21
3.465858638077702949e+02 8.230302793449414747e-21
3.489906953915329382e+02 8.235616337426155408e-21
3.514122132154175802e+02 8.241031772460930867e-21
3.538505330590944027e+02 8.246550440158345945e-21
3.563057715055872450e+02 8.252173702092684164e-21
3.587780459468463619e+02 8.257902940091323389e-21
3.612674745893606314e+02 8.263739556532926959e-21
3.637741764598115992e+02 8.269684974656967708e-21
3.662982714107614584e+02 8.275740638894825423e-21
3.688398801263868449e+02 8.281908015225060725e-21
3.713991241282458873e+02 8.288188591560471322e-21
3.739761257810910138e+02 8.294583878183341643e-21
3.765710082987187093e+02 8.301095408241503710e-21
3.791838957498594596e+02 8.307724738332184303e-21
3.818149130641124316e+02 8.314473449216824398e-21
3.844641860379156242e+02 8.321343146724060443e-21
3.871318413405634260e+02 8.328335462937702648e-21
3.898180065202618039e+02 8.335452057827591400e-21
3.925228100102253848e+02 8.342694621582977244e-21
3.952463811348213767e+02 8.350064878096591351e-21
3.979888501157492442e+02 8.357564590400184051e-21
4.007503480782701786e+02 8.365195569541659569e-21
4.035310070574753354e+02 8.372959689807748171e-21
4.063309600045972161e+02 8.380858916299949587e-21
4.091503407933698213e+02 8.388895358127434622e-21
4.119892842264259230e+02 8.397071379015725131e-21
4.148479260417452679e+02 8.405389849742072344e-21
4.177264029191435384e+02 8.413854797730225218e-21
4.206248524868058780e+02 8.422473374726358332e-21
4.235434133278704962e+02 8.431263421229121429e-21
4.264822249870512110e+02 8.440296614352409284e-21
4.294414279773124008e+02 8.450285506577773195e-21
4.324211637865862485e+02 8.480509774819244059e-21
4.354215748845361418e+02 8.468155773854243958e-21
4.384428047293717441e+02 8.477279963205183922e-21
4.414849977747045386e+02 8.486858319928638122e-21
4.445482994764578280e+02 8.496648680640978814e-21
4.476328562998199914e+02 8.506617304557275032e-21
4.507388157262458321e+02 8.516756905553321813e-21
4.538663262605115847e+02 8.527066344055632290e-21
4.570155374378115312e+02 8.537546440602157407e-21
4.601865998309110068e+02 8.548198786208849813e-21
4.633796650573440843e+02 8.559025327592120992e-21
4.665948857866619051e+02 8.570028200216883661e-21
4.698324157477349559e+02 8.581209653523010802e-21
4.730924097361000236e+02 8.592572014564799951e-21
4.763750236213644484e+02 8.604117669151222977e-21
4.796804143546572732e+02 8.615849051552713740e-21
4.830087399761322331e+02 8.627768638657442245e-21
4.863601596225273056e+02 8.639878946557263771e-21
4.897348335347697343e+02 8.652182528515435456e-21
4.931329230656409663e+02 8.664681973752419791e-21
4.965545906874899629e+02 8.677379906728076981e-21
4.999999999999999432e+02 8.690278986733337710e-21
5.034693157380134494e+02 8.703381907680767281e-21
5.069627037794076045e+02 8.716691398023485476e-21
5.104803311530232008e+02 8.730210220759787281e-21
5.140223660466548381e+02 8.743941173490544623e-21
5.175889778150880147e+02 8.757887088516307852e-21
5.211803369882004517e+02 8.772050832957145221e-21
5.247966152791137802e+02 8.786435308886863656e-21
5.284379855924019012e+02 8.801043453476645514e-21
5.321046220323622720e+02 8.815878239141470412e-21
5.357966999113355087e+02 8.830942673688971562e-21
5.395143957580917231e+02 8.846239800466083296e-21
5.432578873262691559e+02 8.861772698501106988e-21
5.470273536028711305e+02 8.877544482643353011e-21
5.508229748168283777e+02 8.893558303695786155e-21
5.546449324476112679e+02 8.909817348541634453e-21
5.584934092339112794e+02 8.926324840268077521e-21
5.623685891823758993e+02 8.943084038281314851e-21
5.662706575764057106e+02 8.960098238421578437e-21
5.701998009850165090e+02 8.977370773075011246e-21
5.741562072717555338e+02 8.994905011291753813e-21
5.781400656036876171e+02 9.012704358915637562e-21
5.821515664604382891e+02 9.030772258738074133e-21
5.861909016432991848e+02 9.049112190699883812e-21
5.902582642844026850e+02 9.067727672175452955e-21
5.943538488559515827e+02 9.086622258407416373e-21
5.984778511795212808e+02 9.105799543204812958e-21
6.026304684354212213e+02 9.125263160136075904e-21
6.068118991721202065e+02 9.145016784654009012e-21
6.110223433157442514e+02 9.165064138103818436e-21
6.152620021796307128e+02 9.185408995752645640e-21
6.195310784739577912e+02 9.206055204159231647e-21
6.238297763154347422e+02 9.227006722619735348e-21
6.281583012370599590e+02 9.248267735919997575e-21
6.325168601979518144e+02 9.269843023081420334e-21
6.369056615932391878e+02 9.291739554281941028e-21
6.413249152640298689e+02 9.313977909543055403e-21
6.457748325074419427e+02 9.336930545484694678e-21
6.502556260867041829e+02 9.359616435152582305e-21
6.547675102413337527e+02 9.382557717599013944e-21
6.593107006973741591e+02 9.406066313373284956e-21
6.638854146777144933e+02 9.429932084332787940e-21
6.684918709124732459e+02 9.454146507685582067e-21
6.731302896494547667e+02 9.478711315365951974e-21
6.778008926646843975e+02 9.503629985842002954e-21
6.825039032730068129e+02 9.528906482021384188e-21
6.872395463387682639e+02 9.554544952444833219e-21
6.920080482865656677e+02 9.580549638518942356e-21
6.968096371120709591e+02 9.606924839833798568e-21
7.016445423929365006e+02 9.633674899181540077e-21
7.065129952997667715e+02 9.660804195212666614e-21
7.114152286071758908e+02 9.688317138360849898e-21
7.163514767049153988e+02 9.716218168275547142e-21
7.213219756090785495e+02 9.744511751986674079e-21
7.263269629733905504e+02 9.773202382435863699e-21
7.313666781005648545e+02 9.802294577189690769e-21
7.364413619537507429e+02 9.831792877238443742e-21
7.415512571680520750e+02 9.861701845824330300e-21
7.466966080621258470e+02 9.892026067270066581e-21
7.518776606498690853e+02 9.922770145789538693e-21
7.570946626521758844e+02 9.953938704265466146e-21
7.623478635087872135e+02 9.985536382991196325e-21
7.676375143902112086e+02 1.001756783836991636e-20
7.729638682097383935e+02 1.005003774156846573e-20
7.783271796355309107e+02 1.008295077712822915e-20
7.837277051027973584e+02 1.011631164153438584e-20
7.891657028260589186e+02 1.015012504175196050e-20
7.946414328114889258e+02 1.018439569374129994e-20
8.001551568693499803e+02 1.021912832098717419e-20
8.057071386265098454e+02 1.025432765309628124e-20
8.112976435390434062e+02 1.028999842458783522e-20
8.169269389049309211e+02 1.032614537414255603e-20
8.225952938768310787e+02 1.036277324494419695e-20
8.283029794749566008e+02 1.039988678773632945e-20
8.340502686000294261e+02 1.043749077136809011e-20
8.398374360463265020e+02 1.047559001722652939e-20
8.456647585148242570e+02 1.051418952870850854e-20
8.515325146264220848e+02 1.055329515917456066e-20
8.574409849352695119e+02 1.059292043736872741e-20
8.633904519421778332e+02 1.064431143074351289e-20
8.693812001081250855e+02 1.067369221670477498e-20
8.754135158678624293e+02 1.071484499463199621e-20
8.814876876436027260e+02 1.075653776008313816e-20
8.876040058588170041e+02 1.079876451703674532e-20
8.937627629521176686e+02 1.084152858973135013e-20
8.999642533912381168e+02 1.088483420203442440e-20
9.062087736871186507e+02 1.092868573691231285e-20
9.124966224080760639e+02 1.097308759628011399e-20
9.188281001940850956e+02 1.101804416113493476e-20
9.252035097711509479e+02 1.106355977593192078e-20
9.316231559657798016e+02 1.110963874031849608e-20
9.380873457195606306e+02 1.115628530344413080e-20
9.445963881038330783e+02 1.120350365925595040e-20
9.511505943344717480e+02 1.125129794217760186e-20
9.577502777867638315e+02 1.129967222291150730e-20
9.643957540103887141e+02 1.134863050425838931e-20
9.710873407445130852e+02 1.139817671688876081e-20
9.778253579329743843e+02 1.144831471504811337e-20
9.846101277395855504e+02 1.149904827217591102e-20
9.914419745635356094e+02 1.155038107643577320e-20
9.983212250548965585e+02 1.160231672616084906e-20
1.005248208130249395e+03 1.165485872522333717e-20
1.012223254988401777e+03 1.170801047835751814e-20
1.019246699126230965e+03 1.176177528649778843e-20
1.026318876354625900e+03 1.181615634227090841e-20
1.033440124814540923e+03 1.187115672600315393e-20
1.040610784993169545e+03 1.192677940323851931e-20
1.047831199740216334e+03 1.198302722704475219e-20
1.055101714284297032e+03 1.203990295834250396e-20
1.062422676249441338e+03 1.209740937777525921e-20
1.069794435671710517e+03 1.215555021532089662e-20
1.077217345015942101e+03 1.221437897813300574e-20
1.084691759192592144e+03 1.227374163298483897e-20
1.092218035574712985e+03 1.233378323193109378e-20
1.099796534015037196e+03 1.239447321531882063e-20
1.107427616863179537e+03 1.245580647526560693e-20
1.115111648982969200e+03 1.251778392786284997e-20
1.122848997769886864e+03 1.258040672970136103e-20
1.130640033168638411e+03 1.264367592673253325e-20
1.138485127690839818e+03 1.270759239295407634e-20
1.146384656432824158e+03 1.277215681135538782e-20
1.154338997093584794e+03 1.283736966456651613e-20
1.162348529992823842e+03 1.290323122862330401e-20
1.170413638089145707e+03 1.296974156818552710e-20
1.178534706998363845e+03 1.303690053277815281e-20
1.186712125011933040e+03 1.310470775403753731e-20
1.194946283115524921e+03 1.317316264410677082e-20
1.203237575007711939e+03 1.324226439544450046e-20
1.211586397118798914e+03 1.331201198241335603e-20
1.219993148629774851e+03 1.338240416513245988e-20
1.228458231491394827e+03 1.345343949625129118e-20
1.236982050443406933e+03 1.352511633153362791e-20
1.245565013033894047e+03 1.359743284553947957e-20
1.254207529638769074e+03 1.367038705452913382e-20
1.262910013481392070e+03 1.374397685113026108e-20
1.271672880652324011e+03 1.381820006637568255e-20
1.280496550129229490e+03 1.389305466287806621e-20
1.289381443796900385e+03 1.396854128737951402e-20
1.298327986467434812e+03 1.404466094395351243e-20
1.307336605900545919e+03 1.412138246936139707e-20
1.316407732824009827e+03 1.419874018811009427e-20
1.325541800954269320e+03 1.427672121228251660e-20
1.334739247017160324e+03 1.435532548374470940e-20
1.344000510768802087e+03 1.443455475038067706e-20
1.353326035016620381e+03 1.451441297662487681e-20
1.362716265640513711e+03 1.459490728613124162e-20
1.372171651614182565e+03 1.467604939338478188e-20
1.381692645026584842e+03 1.475785776953562221e-20
1.391279701103562729e+03 1.484036099152583459e-20
1.400933278229597590e+03 1.492360307064360849e-20
1.410653837969735150e+03 1.500765221966460882e-20
1.420441845091651885e+03 1.509261585561917258e-20
1.430297767587870794e+03 1.517866749265457274e-20
1.440222076698148840e+03 1.526609770113834053e-20
1.450215246931995580e+03 1.535541742786635571e-20
1.460277756091372339e+03 1.544758590289473148e-20
1.470410085293531665e+03 1.554457082862952162e-20
1.480612718994017087e+03 1.565093985950507225e-20
1.490886145009836582e+03 1.577941813076968503e-20
1.501230854542774523e+03 1.597762141148655490e-20
1.511647342202888012e+03 1.656605768040960526e-20
1.522136106032151247e+03 3.963535584195619659e-20
1.532697647528263133e+03 1.721352423599782188e-20
1.543332471668637027e+03 1.635822124504564658e-20
1.554041086934531677e+03 1.629870342402162616e-20
1.564824005335374977e+03 1.633929047690626434e-20
1.575681742433239378e+03 1.640692701052595764e-20
1.586614817367487831e+03 1.648483644126569138e-20
1.597623752879606627e+03 1.656751436789740424e-20
1.608709075338185585e+03 1.665272363838966609e-20
1.619871314764097406e+03 1.673941018203473757e-20
1.631111004855834835e+03 1.682701805803980109e-20
1.642428683015021534e+03 1.691522528302660010e-20
1.653824890372120990e+03 1.700382920675900492e-20
1.665300171812294138e+03 1.709269204815757939e-20
1.676855076001464113e+03 1.718171307300119923e-20
1.688490155412545391e+03 1.727081351423788538e-20
1.700205966351852794e+03 1.735992798955484907e-20
1.712003068985712616e+03 1.744899946616188094e-20
1.723882027367231785e+03 1.753798179340522219e-20
1.735843409463279386e+03 1.762680810603430191e-20
1.747887787181637350e+03 1.771544883324819157e-20
1.760015736398339186e+03 1.780385266849302361e-20
1.772227836985217436e+03 1.789197348150676741e-20
1.784524672837614617e+03 1.797976531009637727e-20
1.796906831902312661e+03 1.806718180089078114e-20
1.809374906205639945e+03 1.815417596961879751e-20
1.821929491881772037e+03 1.824070003413532154e-20
1.834571189201246852e+03 1.832670529200563378e-20
1.847300602599651029e+03 1.841214203046114558e-20
1.860118340706532763e+03 1.849695946164945384e-20
1.873025016374496317e+03 1.858110567908463831e-20
1.886021246708498438e+03 1.866452763344665488e-20
1.899107653095367823e+03 1.874717112805554762e-20
1.912284861233499214e+03 1.882898083820153823e-20
1.925553501162784187e+03 1.890990038401356348e-20
1.938914207294728385e+03 1.898987485566829775e-20
1.952367618442779758e+03 1.906883808567921887e-20
1.965914377852884854e+03 1.914673853197289680e-20
1.979555133234229061e+03 1.922351442041261732e-20
1.993290536790218994e+03 1.929910586768993040e-20
2.007121245249660660e+03 1.937345354113969651e-20
2.021047919898152713e+03 1.944649934181360211e-20
2.035071226609719133e+03 1.951818764307559194e-20
2.049191835878630627e+03 1.958846725198497578e-20
2.063410422851475687e+03 1.965729459782141396e-20
2.077727667359437419e+03 1.972463911644953706e-20
2.092144253950789789e+03 1.979049277660182901e-20
2.106660871923644208e+03 1.985488792111027071e-20
2.121278215358888247e+03 1.991793311850224321e-20
2.135996983153388101e+03 1.997989192152157591e-20
2.150817879053397064e+03 2.004137746965639609e-20
2.165741611688199100e+03 2.010391298510932700e-20
2.180768894604002526e+03 2.017198623492183959e-20
2.195900446298042880e+03 2.026406198829224034e-20
2.211136990252948181e+03 2.054993199493872546e-20
2.226479254971327464e+03 2.453509897465891348e-20
2.241927974010592607e+03 2.037506407812553842e-20
2.257483886018050725e+03 2.035693253935595641e-20
2.273147734766199392e+03 2.038502292271713698e-20
2.288920269188307884e+03 2.041711101446127870e-20
2.304802243414216719e+03 2.044779433829011227e-20
2.320794416806388199e+03 2.047578707915120439e-20
2.336897553996231636e+03 2.050063798211154276e-20
2.353112424920640478e+03 2.052212206441395981e-20
2.369439804858825028e+03 2.054008731120342033e-20
2.385880474469372530e+03 2.055440227906697932e-20
2.402435219827564197e+03 2.056494954673073123e-20
2.419104832462978266e+03 2.057160960183649540e-20
2.435890109397314973e+03 2.057426305999620355e-20
2.452791853182522573e+03 2.057278886317716734e-20
2.469810871939159824e+03 2.056706387454237834e-20
2.486947979395030870e+03 2.055696277379016353e-20
2.504203994924105700e+03 2.054235807007954048e-20
2.521579743585678898e+03 2.052312016478252192e-20
2.539076056163837620e+03 2.049911743486765289e-20
2.556693769207162859e+03 2.047021632561676997e-20
2.574433725068745844e+03 2.043628147064045720e-20
2.592296771946456374e+03 2.039717612084177982e-20
2.610283763923487186e+03 2.035276006850766002e-20
2.628395561009212088e+03 2.030289445214432448e-20
2.646633029180280118e+03 2.024743698549133952e-20
2.664997040422043483e+03 2.018624451880644920e-20
2.683488472770237877e+03 2.011917267201551380e-20
2.702108210352957030e+03 2.004607594443215801e-20
2.720857143432946032e+03 1.996680783635354264e-20
2.739736168450142941e+03 1.988122097904385326e-20
2.758746188064561011e+03 1.978916727391265672e-20
2.777888111199438299e+03 1.969049804445420181e-20
2.797162853084688322e+03 1.958506435163307866e-20
2.816571335300678584e+03 1.947271633291032804e-20
2.836114485822271490e+03 1.935330502588261519e-20
2.855793239063214060e+03 1.922668104227667344e-20
2.875608535920806389e+03 1.909269540964277413e-20
2.895561323820878897e+03 1.895119975602851977e-20
2.915652556763111988e+03 1.880204653798490546e-20
2.935883195366627206e+03 1.864508931077791320e-20
2.956254206915937175e+03 1.848018302328549363e-20
2.976766565407184771e+03 1.830718439400542447e-20
2.997421251594703790e+03 1.812595198645890435e-20
3.018219253037934777e+03 1.793642151577166718e-20
3.039161564148614616e+03 1.773823377872567810e-20
3.060249186238348102e+03 1.753147932209613115e-20
3.081483127566470557e+03 1.731595495135863137e-20
3.102864403388249684e+03 1.709153624241142311e-20
3.124394036003446672e+03 1.685810379380909950e-20
3.146073054805171523e+03 1.661554391744366161e-20
3.167902496329123551e+03 1.636374941820313779e-20
3.189883404303140651e+03 1.610262047292221647e-20
3.212016829697095091e+03 1.583206563018814570e-20
3.234303830773163099e+03 1.555201123838561610e-20
3.256745473136400960e+03 1.526236116379963730e-20
3.279342829785714002e+03 1.496308151356952711e-20
3.302096981165152101e+03 1.465411912250318599e-20
3.325009015215558520e+03 1.433544519225217606e-20
3.348080027426610741e+03 1.400704936497644606e-20
3.371311120889170525e+03 1.366894254609848631e-20
3.394703406348052340e+03 1.332116028014808088e-20
3.418258002255118754e+03 1.296376681728407898e-20
3.441976034822747806e+03 1.259686015442823600e-20
3.465858638077703290e+03 1.222057750892668548e-20
3.489906953915329723e+03 1.183510391102503155e-20
3.514122132154172050e+03 1.144068039739076844e-20
3.538505330590944141e+03 1.103761618567209748e-20
3.563057715055871995e+03 1.062630341325047234e-20
3.587780459468463505e+03 1.020723608373496405e-20
3.612674745893606541e+03 9.781034552026920503e-21
3.637741764598112240e+03 9.348477443471421671e-21
3.662982714107614811e+03 8.910601679738812080e-21
3.688398801263864698e+03 8.468467701191738203e-21
3.713991241282458759e+03 8.023814501426609388e-21
3.739761257810910138e+03 7.578578260106166083e-21
3.765710082987183341e+03 7.135316265218226167e-21
3.791838957498594937e+03 6.697327259547357433e-21
3.818149130641120337e+03 6.268886534665423935e-21
3.844641860379156242e+03 5.855546294234920751e-21
3.871318413405634146e+03 5.464496129536080265e-21
3.898180065202614060e+03 5.104940195039055291e-21
3.925228100102254302e+03 4.788373543223894860e-21
3.952463811348209674e+03 4.528501812114177634e-21
3.979888501157492556e+03 4.340424245266041147e-21
4.007503480782701899e+03 4.238730843565317686e-21
4.035310070574748806e+03 4.234655697276760656e-21
4.063309600045972275e+03 4.333323130244145131e-21
4.091503407933694234e+03 4.532607309569025874e-21
4.119892842264259343e+03 4.824264942605218657e-21
4.148479260417452679e+03 5.196612657899889657e-21
4.177264029191431291e+03 5.637119608660932801e-21
4.206248524868058666e+03 6.134175531190326200e-21
4.235434133278700756e+03 6.677858642259068396e-21
4.264822249870511769e+03 7.260057451246835701e-21
4.294414279773124690e+03 7.874277646972762176e-21
4.324211637865858393e+03 8.515348955263845042e-21
4.354215748845361304e+03 9.179137054026033831e-21
4.384428047293712552e+03 9.862298685312241877e-21
4.414849977747045159e+03 1.056208737095448999e-20
4.445482994764578507e+03 1.127620419110076623e-20
4.476328562998200141e+03 1.200268491569847661e-20
4.507388157262457753e+03 1.273981510451034467e-20
4.538663262605111413e+03 1.348606624283163592e-20
4.570155374378115084e+03 1.424004752732678690e-20
4.601865998309110182e+03 1.500046920571734544e-20
4.633796650573441184e+03 1.576611455382574487e-20
4.665948857866618710e+03 1.653581830190824543e-20
4.698324157477344670e+03 1.730844989072620529e-20
4.730924097361000349e+03 1.808290044148561317e-20
4.763750236213644712e+03 1.885807236394561466e-20
4.796804143546572959e+03 1.963287166836672846e-20
4.830087399761322558e+03 2.040620140555651825e-20
4.863601596225267713e+03 2.117695708744086920e-20
4.897348335347696775e+03 2.194402326565976954e-20
4.931329230656409891e+03 2.270627151634658362e-20
4.965545906874899629e+03 2.346256008735866278e-20
4.999999999999999091e+03 2.421173603853293812e-20
