5.000000000000000888e+00 2.813668058768776021e-19
5.034693157380139006e+00 2.735972019848388082e-19
5.069627037794075974e+00 2.660921762034958850e-19
5.104803311530234922e+00 2.588390285106348953e-19
5.140223660466546995e+00 2.518259546165663438e-19
5.175889778150882137e+00 2.450419637724914221e-19
5.211803369882009207e+00 2.384768054867499191e-19
5.247966152791137873e+00 2.321209039987385535e-19
5.284379855924021818e+00 2.259652996423440943e-19
5.321046220323622400e+00 2.200015962216673048e-19
5.357966999113356721e+00 2.142219137309715385e-19
5.395143957580921246e+00 2.086188458010414719e-19
5.432578873262690955e+00 2.031854213231452815e-19
5.470273536028714467e+00 1.979150697901856756e-19
5.508229748168283813e+00 1.928015899629545763e-19
5.546449324476114384e+00 1.878391214474348865e-19
5.584934092339116418e+00 1.830221189475122436e-19
5.623685891823758887e+00 1.783453288400008582e-19
5.662706575764059558e+00 1.738037678703659682e-19
5.701998009850164806e+00 1.693927037389623095e-19
5.741562072717556475e+00 1.651076373899406916e-19
5.781400656036880470e+00 1.609442868042214794e-19
5.821515664604382856e+00 1.568985722099408388e-19
5.861909016432995223e+00 1.529666025076648959e-19
5.902582642844026672e+00 1.491045459913818345e-19
5.943538488559517496e+00 1.453127284970934944e-19
5.984778511795218137e+00 1.416296712215103166e-19
6.026304684354212071e+00 1.380518232219593213e-19
6.068118991721204836e+00 1.345757823684666198e-19
6.110223433157442763e+00 1.311982867134487145e-19
6.152620021796308514e+00 1.279162064725276111e-19
6.195310784739581855e+00 1.247265365950100695e-19
6.238297763154347919e+00 1.216263898741718903e-19
6.281583012370603569e+00 1.186129905241719176e-19
6.325168601979518357e+00 1.156836682262304027e-19
6.369056615932393584e+00 1.128358525768478208e-19
6.413249152640303485e+00 1.100670679156807883e-19
6.457748325074419427e+00 1.073749285262621649e-19
6.502556260867045523e+00 1.047571341206302164e-19
6.547675102413337278e+00 1.022114656788557979e-19
6.593107006973743189e+00 9.973578150915325102e-20
6.638854146777149801e+00 9.732801361357741283e-20
6.684918709124731961e+00 9.495271470324442200e-20
6.731302896494550936e+00 9.264183648193181490e-20
6.778008926646843513e+00 9.039435589108257627e-20
6.825039032730071398e+00 8.820843878361265200e-20
6.872395463387687364e+00 8.608231007224772485e-20
6.920080482865659022e+00 8.401425126906497980e-20
6.968096371120712895e+00 8.200259817400195147e-20
7.016445423929364544e+00 8.004573870672215953e-20
7.065129952997670770e+00 7.814211084362052189e-20
7.114152286071764308e+00 7.629020071698440154e-20
7.163514767049155907e+00 7.448854078028362470e-20
7.213219756090789581e+00 7.273570810486589261e-20
7.263269629733905219e+00 7.103032275171424163e-20
7.313666781005652595e+00 6.937104624834373931e-20
7.364413619537513611e+00 6.775658013807064360e-20
7.415512571680523024e+00 6.618566459967633566e-20
7.466966080621261881e+00 6.465707715355835087e-20
7.518776606498691173e+00 6.316963139720342832e-20
7.570946626521762646e+00 6.172217585069383711e-20
7.623478635087869826e+00 6.031359281253076501e-20
7.676375143902114395e+00 5.894279728334200697e-20
7.729638682097387914e+00 5.760873595370322360e-20
7.783271796355308858e+00 5.631038619780994611e-20
7.837277051027977670e+00 5.504675514040740628e-20
7.891657028260587126e+00 5.381687875063846337e-20
7.946414328114890679e+00 5.261982097043581699e-20
8.001551568693503924e+00 5.145467287440094769e-20
8.057071386265098667e+00 5.032055185629591868e-20
8.112976435390438112e+00 4.921660085705514559e-20
8.169269389049306440e+00 4.814198761131454937e-20
8.225952938768314127e+00 4.709590391432996374e-20
8.283029794749570129e+00 4.607756491485624173e-20
8.340502686000293764e+00 4.508620844633797781e-20
8.398374360463268573e+00 4.412109434335814506e-20
8.456647585148241220e+00 4.318150382469700560e-20
8.515325146264222766e+00 4.226673884960333369e-20
8.574409849352699453e+00 4.137612152492774534e-20
8.633904519421777835e+00 4.050899350842020146e-20
8.693812001081255403e+00 3.966471544691174764e-20
8.754135158678622020e+00 3.884266640933113855e-20
8.814876876436029463e+00 3.804224335673525395e-20
8.876040058588174020e+00 3.726286060834573172e-20
8.937627629521175621e+00 3.650394933484617644e-20
8.999642533912386000e+00 3.576495705307079807e-20
9.062087736871186294e+00 3.504534714941022496e-20
9.124966224080763411e+00 3.434459840268688560e-20
9.188281001940856285e+00 3.366220452290970696e-20
9.252035097711509337e+00 3.299767370788185223e-20
9.316231559657802919e+00 3.235052820808163983e-20
9.380873457195605170e+00 3.172030389901624512e-20
9.445963881038332843e+00 3.110654986980600213e-20
9.511505943344722880e+00 3.050882802512844203e-20
9.577502777867637818e+00 2.992671269055361732e-20
9.643957540103892612e+00 2.935979023971574614e-20
9.710873407445131278e+00 2.880765871553631506e-20
9.778253579329746259e+00 2.826992748163066276e-20
9.846101277395861828e+00 2.774621686216975138e-20
9.914419745635354886e+00 2.723615781790785667e-20
9.983212250548969990e+00 2.673939160370075948e-20
1.005248208130249488e+01 2.626893971814762166e-20
1.012223254988401777e+01 2.581452970552055961e-20
1.019246699126231981e+01 2.537145443655329475e-20
1.026318876354625864e+01 2.493942757162094185e-20
1.033440124814541505e+01 2.451817054083725250e-20
1.040610784993169524e+01 2.410741228990883346e-20
1.047831199740216412e+01 2.370688906536706705e-20
1.055101714284298176e+01 2.331634417302454374e-20
1.062422676249441267e+01 2.293552776445850601e-20
1.069794435671711241e+01 2.256419662314677018e-20
1.077217345015942129e+01 2.220211395728216538e-20
1.084691759192592109e+01 2.184904920118632806e-20
1.092218035574714108e+01 2.150477782039642834e-20
1.099796534015037253e+01 2.116908112646333800e-20
1.107427616863180120e+01 2.084174609419175427e-20
1.115111648982969150e+01 2.052256518487818099e-20
1.122848997769887447e+01 2.021133618452743573e-20
1.130640033168639569e+01 1.990786203110276134e-20
1.138485127690839782e+01 1.961195066312185866e-20
1.146384656432824833e+01 1.932341486486498876e-20
1.154338997093584673e+01 1.904207211958255163e-20
1.162348529992824453e+01 1.876774446818066864e-20
1.170413638089146957e+01 1.850025837101525503e-20
1.178534706998363824e+01 1.823944457858063277e-20
1.186712125011933594e+01 1.798513800182104629e-20
1.194946283115524999e+01 1.773717759249117813e-20
1.203237575007712579e+01 1.749540622067873462e-20
1.211586397118800207e+01 1.725967056672611730e-20
1.219993148629774993e+01 1.702982100865182213e-20
1.228458231491395480e+01 1.680571151861236738e-20
1.236982050443406855e+01 1.658719955919983447e-20
1.245565013033894708e+01 1.637414598993910665e-20
1.254207529638770424e+01 1.616641497117368814e-20
1.262910013481392113e+01 1.596387387334109075e-20
1.271672880652324622e+01 1.576639319325480180e-20
1.280496550129229583e+01 1.557384646889148968e-20
1.289381443796900939e+01 1.538611019961255171e-20
1.298327986467436013e+01 1.520306376973865791e-20
1.307336605900545834e+01 1.502458937557888353e-20
1.316407732824010424e+01 1.485057195250763158e-20
1.325541800954269256e+01 1.468089910791528978e-20
1.334739247017160935e+01 1.451546105445573031e-20
1.344000510768803558e+01 1.435415054764891511e-20
1.353326035016620388e+01 1.419686282524626862e-20
1.362716265640514379e+01 1.404349554726584090e-20
1.372171651614182508e+01 1.389394874214349894e-20
1.381692645026585531e+01 1.374812474951328321e-20
1.391279701103562694e+01 1.360592816878344412e-20
1.400933278229597434e+01 1.346726581014114836e-20
1.410653837969735847e+01 1.333204664275011223e-20
1.420441845091651878e+01 1.320018175049539926e-20
1.430297767587871505e+01 1.307158428450590526e-20
1.440222076698148790e+01 1.294616941983779248e-20
1.450215246931995594e+01 1.282385431153402333e-20
1.460277756091373114e+01 1.270455805622604023e-20
1.470410085293531743e+01 1.258820164783648024e-20
1.480612718994017740e+01 1.247470794225083991e-20
1.490886145009836561e+01 1.236400161648212418e-20
1.501230854542774473e+01 1.225600913424415041e-20
1.511647342202888744e+01 1.215065870757851674e-20
1.522136106032151126e+01 1.204788026445274766e-20
1.532697647528264007e+01 1.194760541196793321e-20
1.543332471668636963e+01 1.184976740473729601e-20
1.554041086934531712e+01 1.175430111134452332e-20
1.564824005335375823e+01 1.166114298282703396e-20
1.575681742433239485e+01 1.157023102125930023e-20
1.586614817367488683e+01 1.148150474872114071e-20
1.597623752879606585e+01 1.139490517736604551e-20
1.608709075338185457e+01 1.131037477986640607e-20
1.619871314764099068e+01 1.122785746063553112e-20
1.631111004855834778e+01 1.114729852662854309e-20
1.642428683015022273e+01 1.106864465936627758e-20
1.653824890372121104e+01 1.099184388784802359e-20
1.665300171812294039e+01 1.091684556045925939e-20
1.676855076001465861e+01 1.084360031831676099e-20
1.688490155412545590e+01 1.077206006929183663e-20
1.700205966351853704e+01 1.070217796094701469e-20
1.712003068985712417e+01 1.063390835581083330e-20
1.723882027367231728e+01 1.056720680506096145e-20
1.735843409463281262e+01 1.050203002359016215e-20
1.747887787181637265e+01 1.043833586614983270e-20
1.760015736398340280e+01 1.037608330148965116e-20
1.772227836985217664e+01 1.031523238937681745e-20
1.784524672837614645e+01 1.025574425598592629e-20
1.796906831902314394e+01 1.019758107109272458e-20
1.809374906205639988e+01 1.014070602444220029e-20
1.821929491881772734e+01 1.008508330293464368e-20
1.834571189201246710e+01 1.003067806842656182e-20
1.847300602599650787e+01 9.977456434876570647e-21
1.860118340706534568e+01 9.925385446543591206e-21
1.873025016374496232e+01 9.874433057172098424e-21
1.886021246708499532e+01 9.824568107436807745e-21
1.899107653095367709e+01 9.775760304507380291e-21
1.912284861233499456e+01 9.727980201755807835e-21
1.925553501162785963e+01 9.681199177542496084e-21
1.938914207294728342e+01 9.635389415777373772e-21
1.952367618442780639e+01 9.590523885775023549e-21
1.965914377852884698e+01 9.546576323325061110e-21
1.979555133234229203e+01 9.503521211011749232e-21
1.993290536790221168e+01 9.461333759725604450e-21
2.007121245249660646e+01 9.419989890185617414e-21
2.021047919898153822e+01 9.379466214937680491e-21
2.035071226609719020e+01 9.339740020258264128e-21
2.049191835878630386e+01 9.300789248791324838e-21
2.063410422851477577e+01 9.262592482573128575e-21
2.077727667359437191e+01 9.225128925922558437e-21
2.092144253950791111e+01 9.188378389144411570e-21
2.106660871923644152e+01 9.152321272357679887e-21
2.121278215358888275e+01 9.116938549468835269e-21
2.135996983153390261e+01 9.082211752821334337e-21
2.150817879053397164e+01 9.048122957984745627e-21
2.165741611688200052e+01 9.014654768743651373e-21
2.180768894604002384e+01 8.981790302731982578e-21
2.195900446298042752e+01 8.949513177039292686e-21
2.211136990252950341e+01 8.917807494430250355e-21
2.226479254971327393e+01 8.886657829520824388e-21
2.241927974010593871e+01 8.856049215786911258e-21
2.257483886018050612e+01 8.825967132260444382e-21
2.273147734766199335e+01 8.796397491115128060e-21
2.288920269188310286e+01 8.767326625096160549e-21
2.304802243414216534e+01 8.738741275481504784e-21
2.320794416806389648e+01 8.710628580392789097e-21
2.336897553996231380e+01 8.682976063136946092e-21
2.353112424920640322e+01 8.655771621041217585e-21
2.369439804858827614e+01 8.629003514697097674e-21
2.385880474469372459e+01 8.602660356938923286e-21
2.402435219827565405e+01 8.576731102879971784e-21
2.419104832462978294e+01 8.551205039483317105e-21
2.435890109397316294e+01 8.526071775890685277e-21
2.452791853182525017e+01 8.501321233709587965e-21
2.469810871939160180e+01 8.476943637854147350e-21
2.486947979395032249e+01 8.452929507245012137e-21
2.504203994924105814e+01 8.429269646172001108e-21
2.521579743585680333e+01 8.405955135642767129e-21
2.539076056163837691e+01 8.382977324827834397e-21
2.556693769207162603e+01 8.360327823329023392e-21
2.574433725068747236e+01 8.337998492886908114e-21
2.592296771946456246e+01 8.315981440019529659e-21
2.610283763923488465e+01 8.294269008266133156e-21
2.628395561009211789e+01 8.272853771181024336e-21
2.646633029180280161e+01 8.251728525195900122e-21
2.664997040422045060e+01 8.230886282712883059e-21
2.683488472770237721e+01 8.210320265628208727e-21
2.702108210352958650e+01 8.190023898708421532e-21
2.720857143432946046e+01 8.169990803435784195e-21
2.739736168450142983e+01 8.150214791904573934e-21
2.758746188064564109e+01 8.130689860915058797e-21
2.777888111199438370e+01 8.111410186306024493e-21
2.797162853084689971e+01 8.092370117288046018e-21
2.816571335300678314e+01 8.073564171189821601e-21
2.836114485822271192e+01 8.054987028118157281e-21
2.855793239063217115e+01 8.036633525957330428e-21
2.875608535920806474e+01 8.018498655442183287e-21
2.895561323820880162e+01 8.000577555400516286e-21
2.915652556763112102e+01 7.982865508097108767e-21
2.935883195366627163e+01 7.965357934808929542e-21
2.956254206915940230e+01 7.948050391429067885e-21
2.976766565407184473e+01 7.930938564306739894e-21
2.997421251594705538e+01 7.914018266126320522e-21
3.018219253037934635e+01 7.897285431973023794e-21
3.039161564148614758e+01 7.880736115519402022e-21
3.060249186238350916e+01 7.864366485273765179e-21
3.081483127566470870e+01 7.848172821031044098e-21
3.102864403388251446e+01 7.832151510350911591e-21
3.124394036003446828e+01 7.816299045200013871e-21
3.146073054805171409e+01 7.800612018683730633e-21
3.167902496329126549e+01 7.785087121876988113e-21
3.189883404303140679e+01 7.769721140742763659e-21
3.212016829697096654e+01 7.754510953206268625e-21
3.234303830773163213e+01 7.739453526186834547e-21
3.256745473136400904e+01 7.724545912948919874e-21
3.279342829785717583e+01 7.709785250275583596e-21
3.302096981165151846e+01 7.695168755928969055e-21
3.325009015215560737e+01 7.680693726091534492e-21
3.348080027426610883e+01 7.666357532928176317e-21
3.371311120889170354e+01 7.652157622223990265e-21
3.394703406348055807e+01 7.638091511062389815e-21
3.418258002255118555e+01 7.624156785625476028e-21
3.441976034822749142e+01 7.610351099042125293e-21
3.465858638077703091e+01 7.596672169292640751e-21
3.489906953915329524e+01 7.583117777192801669e-21
3.514122132154175659e+01 7.569685764464594722e-21
3.538505330590944453e+01 7.556374031819689504e-21
3.563057715055874297e+01 7.543180537143268536e-21
3.587780459468464045e+01 7.530103293729001246e-21
3.612674745893606598e+01 7.517140368552604255e-21
3.637741764598116134e+01 7.504289880624006687e-21
3.662982714107614868e+01 7.491549999381789648e-21
3.688398801263866744e+01 7.478918943136135054e-21
3.713991241282458589e+01 7.466394977562843212e-21
3.739761257810909711e+01 7.453976414258242880e-21
3.765710082987187235e+01 7.441661609327364251e-21
3.791838957498595164e+01 7.429448962003254816e-21
3.818149130641122468e+01 7.417336913355992417e-21
3.844641860379156384e+01 7.405323944999623403e-21
3.871318413405634118e+01 7.393408577861151843e-21
3.898180065202618039e+01 7.381589370977599171e-21
3.925228100102253848e+01 7.369864920349698204e-21
3.952463811348211919e+01 7.358233857807938696e-21
3.979888501157492442e+01 7.346694849947863609e-21
4.007503480782702354e+01 7.335246597058143147e-21
4.035310070574752928e+01 7.323887832124501854e-21
4.063309600045972303e+01 7.312617319834584580e-21
4.091503407933696224e+01 7.301433855632853017e-21
4.119892842264259514e+01 7.290336264795191398e-21
4.148479260417452963e+01 7.279323401546061718e-21
4.177264029191434958e+01 7.268394148179294149e-21
4.206248524868058780e+01 7.257547414252128986e-21
4.235434133278702973e+01 7.246782135747695920e-21
4.264822249870512394e+01 7.236097274308372050e-21
4.294414279773126708e+01 7.225491816476986541e-21
4.324211637865862912e+01 7.214964772963730445e-21
4.354215748845361134e+01 7.204515177939031957e-21
4.384428047293715025e+01 7.194142088341131939e-21
4.414849977747045529e+01 7.183844583221871097e-21
4.445482994764580553e+01 7.173621763093376928e-21
4.476328562998200056e+01 7.163472749313938828e-21
4.507388157262457895e+01 7.153396683483074999e-21
4.538663262605113857e+01 7.143392726852774164e-21
4.570155374378115454e+01 7.133460059773313735e-21
4.601865998309111916e+01 7.123597881141076141e-21
4.633796650573440701e+01 7.113805407868727004e-21
4.665948857866618482e+01 7.104081874374941505e-21
4.698324157477347285e+01 7.094426532092908565e-21
4.730924097361000236e+01 7.084838648980076354e-21
4.763750236213646616e+01 7.075317509065354120e-21
4.796804143546572874e+01 7.065862411993825361e-21
4.830087399761322331e+01 7.056472672588714619e-21
4.863601596225270640e+01 7.047147620438875856e-21
4.897348335347697201e+01 7.037886599479734172e-21
4.931329230656412221e+01 7.028688967608278867e-21
4.965545906874899629e+01 7.019554096294627446e-21
4.999999999999999289e+01 7.010481370213729132e-21
5.034693157380139894e+01 7.001470186886385068e-21
5.069627037794075619e+01 6.992519956334636252e-21
5.104803311530231724e+01 6.983630100743389687e-21
5.140223660466548239e+01 6.974800054133282626e-21
5.175889778150880716e+01 6.966029262051724288e-21
5.211803369882010628e+01 6.957317181261810027e-21
5.247966152791137517e+01 6.948663279451031948e-21
5.284379855924019154e+01 6.940067034943967777e-21
5.321046220323622578e+01 6.931527936425283985e-21
5.357966999113354944e+01 6.923045482670755600e-21
5.395143957580922489e+01 6.914619182291672730e-21
5.432578873262691133e+01 6.906248553478526374e-21
5.470273536028711447e+01 6.897933123761899704e-21
5.508229748168283635e+01 6.889672429774544999e-21
5.546449324476112963e+01 6.881466017023553656e-21
5.584934092339118195e+01 6.873313439670264530e-21
5.623685891823758709e+01 6.865214260315376788e-21
5.662706575764056538e+01 6.857168049792872407e-21
5.701998009850164806e+01 6.849174386968744446e-21
5.741562072717555054e+01 6.841232858548155796e-21
5.781400656036881713e+01 6.833343058885738084e-21
5.821515664604383034e+01 6.825504589804943964e-21
5.861909016432991848e+01 6.817717060420208545e-21
5.902582642844026850e+01 6.809980086969133189e-21
5.943538488559515542e+01 6.802293292644428560e-21
5.984778511795219202e+01 6.794656307434871934e-21
6.026304684354212071e+01 6.787068767971995650e-21
6.068118991721201638e+01 6.779530317378361447e-21
6.110223433157442230e+01 6.772040605122763636e-21
6.152620021796307270e+01 6.764599286880545761e-21
6.195310784739583454e+01 6.757206024396927282e-21
6.238297763154347564e+01 6.749860485355280503e-21
6.281583012370606411e+01 6.742562343250386321e-21
6.325168601979518002e+01 6.735311277264854980e-21
6.369056615932391452e+01 6.728106972149263259e-21
6.413249152640305795e+01 6.720949118106874025e-21
6.457748325074419427e+01 6.713837410682297922e-21
6.502556260867048366e+01 6.706771550653281685e-21
6.547675102413337811e+01 6.699751243925116777e-21
6.593107006973741591e+01 6.692776201430541437e-21
6.638854146777151755e+01 6.685846139031051059e-21
6.684918709124731606e+01 6.678960777421871611e-21
6.731302896494554489e+01 6.672119842041421367e-21
6.778008926646843690e+01 6.665323062981561060e-21
6.825039032730067845e+01 6.658570174902275948e-21
6.872395463387690029e+01 6.651860916948706593e-21
6.920080482865657245e+01 6.645195032670808246e-21
6.968096371120716981e+01 6.638572269946215850e-21
7.016445423929364722e+01 6.631992380905187685e-21
7.065129952997666862e+01 6.625455121858011356e-21
7.114152286071765730e+01 6.618960253225071471e-21
7.163514767049153420e+01 6.612507539469727218e-21
7.213219756090792600e+01 6.606096749032493710e-21
7.263269629733905219e+01 6.599727654268437227e-21
7.313666781005647977e+01 6.593400031385855411e-21
7.364413619537515387e+01 6.587113660387884722e-21
7.415512571680521603e+01 6.580868325015508716e-21
7.466966080621266144e+01 6.574663812693444675e-21
7.518776606498691706e+01 6.568499914476349978e-21
7.570946626521758560e+01 6.562376424998911176e-21
7.623478635087872135e+01 6.556293142426671088e-21
7.676375143902112086e+01 6.550249868407640562e-21
7.729638682097392177e+01 6.544246408028588894e-21
7.783271796355309391e+01 6.538282569769657334e-21
7.837277051027973584e+01 6.532358165462776300e-21
7.891657028260588902e+01 6.526473010251253202e-21
7.946414328114889258e+01 6.520626922550179533e-21
8.001551568693507477e+01 6.514819724009180674e-21
8.057071386265099022e+01 6.509051239476604136e-21
8.112976435390434915e+01 6.503321296964311143e-21
8.169269389049308927e+01 6.497629727614790637e-21
8.225952938768311640e+01 6.491976365669536402e-21
8.283029794749575103e+01 6.486361048437608520e-21
8.340502686000294830e+01 6.480783616267561436e-21
8.398374360463265020e+01 6.475243912518236777e-21
8.456647585148242285e+01 6.469741783533432863e-21
8.515325146264220280e+01 6.464277078614797993e-21
8.574409849352703361e+01 6.458849649998826867e-21
8.633904519421778900e+01 6.453459352832378706e-21
8.693812001081251140e+01 6.448106045151538668e-21
8.754135158678624862e+01 6.442789587860233253e-21
8.814876876436026976e+01 6.437509844710282634e-21
8.876040058588178283e+01 6.432266682282127065e-21
8.937627629521176686e+01 6.427059969967482225e-21
8.999642533912381737e+01 6.421889579952308283e-21
9.062087736871187360e+01 6.416755387200679477e-21
9.124966224080760924e+01 6.411657269439587328e-21
9.188281001940860904e+01 6.406595107145810459e-21
9.252035097711508627e+01 6.401568783531646917e-21
9.316231559657798300e+01 6.396578184533285616e-21
9.380873457195606591e+01 6.391623198799606607e-21
9.445963881038331067e+01 6.386703717681255936e-21
9.511505943344727143e+01 6.381819635221109280e-21
9.577502777867637462e+01 6.376970848145742943e-21
9.643957540103887993e+01 6.372157255856827350e-21
9.710873407445130567e+01 6.367378760424258400e-21
9.778253579329744127e+01 6.362635266580073485e-21
9.846101277395865736e+01 6.357926681711954486e-21
9.914419745635355241e+01 6.353252915858804149e-21
9.983212250548965017e+01 6.348613881706921312e-21
1.005248208130249452e+02 6.344009494585611891e-21
1.012223254988401777e+02 6.339439672465123770e-21
1.019246699126232016e+02 6.334904335954730651e-21
1.026318876354625900e+02 6.330403408301016774e-21
1.033440124814540866e+02 6.325936815387320956e-21
1.040610784993169489e+02 6.321504485733901345e-21
1.047831199740216306e+02 6.317106350498392832e-21
1.055101714284298140e+02 6.312742343477903001e-21
1.062422676249441338e+02 6.308412401110148130e-21
1.069794435671710602e+02 6.304116462476570036e-21
1.077217345015942129e+02 6.299854469305583073e-21
1.084691759192592002e+02 6.295626365976322922e-21
1.092218035574714037e+02 6.291432099523849618e-21
1.099796534015037253e+02 6.287271619643479378e-21
1.107427616863179480e+02 6.283144878697152969e-21
1.115111648982969115e+02 6.279051831719606952e-21
1.122848997769886807e+02 6.274992436425509406e-21
1.130640033168639604e+02 6.270966653217099701e-21
1.138485127690839818e+02 6.266974445192371443e-21
1.146384656432825437e+02 6.263015778153766994e-21
1.154338997093584709e+02 6.259090620617775525e-21
1.162348529992823813e+02 6.255198943824503230e-21
1.170413638089146957e+02 6.251340721749007732e-21
1.178534706998363788e+02 6.247515931112125410e-21
1.186712125011934233e+02 6.243724551392021723e-21
1.194946283115525034e+02 6.239966564836578090e-21
1.203237575007711939e+02 6.236241956476751531e-21
1.211586397118800136e+02 6.232550714139927527e-21
1.219993148629774993e+02 6.228892828463957493e-21
1.228458231491396191e+02 6.225268292912358578e-21
1.236982050443406962e+02 6.221677103788624227e-21
1.245565013033894104e+02 6.218119260254020976e-21
1.254207529638770353e+02 6.214594764342125465e-21
1.262910013481392184e+02 6.211103620978079972e-21
1.271672880652325262e+02 6.207645837994968838e-21
1.280496550129229547e+02 6.204221426153169550e-21
1.289381443796900157e+02 6.200830399159148611e-21
1.298327986467436119e+02 6.197472773686525650e-21
1.307336605900545976e+02 6.194148569394535261e-21
1.316407732824011134e+02 6.190857808951842335e-21
1.325541800954269434e+02 6.187600518057317276e-21
1.334739247017160153e+02 6.184376725462800341e-21
1.344000510768803451e+02 6.181186462997578254e-21
1.353326035016620494e+02 6.178029765592755495e-21
1.362716265640515019e+02 6.174906671306596834e-21
1.372171651614182508e+02 6.171817221350742540e-21
1.381692645026584785e+02 6.168761460118637671e-21
1.391279701103562729e+02 6.165739435212963784e-21
1.400933278229597363e+02 6.162751197475460757e-21
1.410653837969736628e+02 6.159796801018676045e-21
1.420441845091651771e+02 6.156876303257029327e-21
1.430297767587870794e+02 6.153989764941221955e-21
1.440222076698148612e+02 6.151137250192964628e-21
1.450215246931995523e+02 6.148318826542545067e-21
1.460277756091373931e+02 6.145534564965929996e-21
1.470410085293531779e+02 6.142784539927878897e-21
1.480612718994017030e+02 6.140068829422963301e-21
1.490886145009836525e+02 6.137387515022823546e-21
1.501230854542774296e+02 6.134740681923299895e-21
1.511647342202889490e+02 6.132128418997020951e-21
1.522136106032151304e+02 6.129550818848877215e-21
1.532697647528263190e+02 6.127007977875157666e-21
1.543332471668637140e+02 6.124499996328206087e-21
1.554041086934531677e+02 6.122026978385692855e-21
1.564824005335376569e+02 6.119589032227899649e-21
1.575681742433239378e+02 6.117186270119716670e-21
1.586614817367487831e+02 6.114818808504102908e-21
1.597623752879606513e+02 6.112486768103330620e-21
1.608709075338185528e+02 6.110190274032603916e-21
1.619871314764099282e+02 6.107929455928683792e-21
1.631111004855834778e+02 6.105704448093458687e-21
1.642428683015021704e+02 6.103515389658785279e-21
1.653824890372121104e+02 6.101362424773546683e-21
1.665300171812293968e+02 6.099245702821738445e-21
1.676855076001465932e+02 6.097165378672115700e-21
1.688490155412545448e+02 6.095121612973689513e-21
1.700205966351852851e+02 6.093114572500942291e-21
1.712003068985712559e+02 6.091144430565337327e-21
1.723882027367231728e+02 6.089211367504666003e-21
1.735843409463281262e+02 6.087315571275682006e-21
1.747887787181637407e+02 6.085457238170455491e-21
1.760015736398339357e+02 6.083636573693514549e-21
1.772227836985217664e+02 6.081853793645353084e-21
1.784524672837614503e+02 6.080109125468754394e-21
1.796906831902314536e+02 6.078402809940831221e-21
1.809374906205640059e+02 6.076735103315628830e-21
1.821929491881772094e+02 6.075106280066264066e-21
1.834571189201246852e+02 6.073516636432987095e-21
1.847300602599650858e+02 6.071966495060525052e-21
1.860118340706534639e+02 6.070456211133278580e-21
1.873025016374496374e+02 6.068986180599221742e-21
1.886021246708498609e+02 6.067556851341274465e-21
1.899107653095367994e+02 6.066168738583516569e-21
1.912284861233499385e+02 6.064822446490940477e-21
1.925553501162786176e+02 6.063518698995318653e-21
1.938914207294728271e+02 6.062258384684408613e-21
1.952367618442779644e+02 6.061042623630630378e-21
1.965914377852884911e+02 6.059872869402929327e-21
1.979555133234229061e+02 6.058751069247879568e-21
1.993290536790221097e+02 6.057679923871312141e-21
2.007121245249660717e+02 6.056663324763293012e-21
2.021047919898154817e+02 6.055707123222203394e-21
2.035071226609719020e+02 6.054820554405866421e-21
2.049191835878630457e+02 6.054019044002015890e-21
2.063410422851477790e+02 6.053330181691908360e-21
2.077727667359437476e+02 6.052807733648405543e-21
2.092144253950791892e+02 6.052568992999084800e-21
2.106660871923644152e+02 6.052913575237156405e-21
2.121278215358888133e+02 6.054815674619735999e-21
2.135996983153390261e+02 6.063148238669064225e-21
2.150817879053397235e+02 6.153830049243874160e-21
2.165741611688201260e+02 6.236142684692076938e-21
2.180768894604002526e+02 6.063166569297007862e-21
2.195900446298042823e+02 6.051689328128399815e-21
2.211136990252950341e+02 6.048381802754558384e-21
2.226479254971327464e+02 6.046833905422428367e-21
2.241927974010595221e+02 6.045904649729215547e-21
2.257483886018050612e+02 6.045265397924654177e-21
2.273147734766199335e+02 6.044793531631289942e-21
2.288920269188310215e+02 6.044435137471724644e-21
2.304802243414216605e+02 6.044163671683758809e-21
2.320794416806390643e+02 6.043964959370969288e-21
2.336897553996231522e+02 6.043830970986646379e-21
2.353112424920640535e+02 6.043756965254145303e-21
2.369439804858827756e+02 6.043740068964549974e-21
2.385880474469372530e+02 6.043778524142280275e-21
2.402435219827566755e+02 6.043871267209786316e-21
2.419104832462978152e+02 6.044017682989974631e-21
2.435890109397315086e+02 6.044217455331664738e-21
2.452791853182525017e+02 6.044470473370407898e-21
2.469810871939160108e+02 6.044776770994938881e-21
2.486947979395033599e+02 6.045136486759721321e-21
2.504203994924105814e+02 6.045549836739214158e-21
2.521579743585679125e+02 6.046017095778681078e-21
2.539076056163837620e+02 6.046538584312156989e-21
2.556693769207162745e+02 6.047114658947805052e-21
2.574433725068748231e+02 6.047745705647189142e-21
2.592296771946456033e+02 6.048432134720495118e-21
2.610283763923487186e+02 6.049174377112231987e-21
2.628395561009211860e+02 6.049972881618059251e-21
2.646633029180280232e+02 6.050828112778104685e-21
2.664997040422045984e+02 6.051740549272467576e-21
2.683488472770237649e+02 6.052710682691351465e-21
2.702108210352957371e+02 6.053739016584518411e-21
2.720857143432946259e+02 6.054826065727472820e-21
2.739736168450143055e+02 6.055972355552100129e-21
2.758746188064563967e+02 6.057178421702808412e-21
2.777888111199438299e+02 6.058444809695448450e-21
2.797162853084688550e+02 6.059772074651616642e-21
2.816571335300678243e+02 6.061160781095592028e-21
2.836114485822271263e+02 6.062611502801696559e-21
2.855793239063216902e+02 6.064124822680426748e-21
2.875608535920806617e+02 6.065701332694942784e-21
2.895561323820878670e+02 6.067341633806896495e-21
2.915652556763112102e+02 6.069046335939988382e-21
2.935883195366627092e+02 6.070816057962646291e-21
2.956254206915940017e+02 6.072651427684819792e-21
2.976766565407184544e+02 6.074553081865917115e-21
2.997421251594703904e+02 6.076521666232262654e-21
3.018219253037934777e+02 6.078557835505551830e-21
3.039161564148614616e+02 6.080662253433391372e-21
3.060249186238351058e+02 6.082835592830432217e-21
3.081483127566470444e+02 6.085078535621681869e-21
3.102864403388250025e+02 6.087391772890657161e-21
3.124394036003446899e+02 6.089776004931482918e-21
3.146073054805171409e+02 6.092231941303790737e-21
3.167902496329126620e+02 6.094760300890494635e-21
3.189883404303140537e+02 6.097361811958366052e-21
3.212016829697095091e+02 6.100037212219488325e-21
3.234303830773163213e+02 6.102787248896521638e-21
3.256745473136401188e+02 6.105612678788627751e-21
3.279342829785717299e+02 6.108514268337848385e-21
3.302096981165151988e+02 6.111492793700953687e-21
3.325009015215558748e+02 6.114549040818307022e-21
3.348080027426610741e+02 6.117683805487500943e-21
3.371311120889170638e+02 6.120897893438137441e-21
3.394703406348055523e+02 6.124192120407935281e-21
3.418258002255118981e+02 6.127567312220948337e-21
3.441976034822747579e+02 6.131024304870109741e-21
3.465858638077702949e+02 6.134563944600172513e-21
3.489906953915329382e+02 6.138187087996854538e-21
3.514122132154175802e+02 6.141894602079567574e-21
3.538505330590944027e+02 6.145687364399785635e-21
3.563057715055872450e+02 6.149566263147676805e-21
3.587780459468463619e+02 6.153532197267618415e-21
3.612674745893606314e+02 6.157586076587464553e-21
3.637741764598115992e+02 6.161728821963555051e-21
3.662982714107614584e+02 6.165961365448916875e-21
3.688398801263868449e+02 6.170284650490205510e-21
3.713991241282458873e+02 6.174699632170390941e-21
3.739761257810910138e+02 6.179207277503153344e-21
3.765710082987187093e+02 6.183808565814207443e-21
3.791838957498594596e+02 6.188504489235353185e-21
3.818149130641124316e+02 6.193296053370222331e-21
3.844641860379156242e+02 6.198184278210699119e-21
3.871318413405634260e+02 6.203170199434040846e-21
3.898180065202618039e+02 6.208254870291808148e-21
3.925228100102253848e+02 6.213439364439290806e-21
3.952463811348213767e+02 6.218724780309105821e-21
3.979888501157492442e+02 6.224112248102340413e-21
4.007503480782701786e+02 6.229602941400002465e-21
4.035310070574753354e+02 6.235198097296580067e-21
4.063309600045972161e+02 6.240899053122209687e-21
4.091503407933698213e+02 6.246707317570984708e-21
4.119892842264259230e+02 6.252624718945077297e-21
4.148479260417452679e+02 6.258653743892231470e-21
4.177264029191435384e+02 6.264798409589785451e-21
4.206248524868058780e+02 6.271066906313186735e-21
4.235434133278704962e+02 6.277481757295277946e-21
4.264822249870512110e+02 6.284137771991867742e-21
4.294414279773124008e+02 6.291990473101675688e-21
4.324211637865862485e+02 6.326903896009389048e-21
4.354215748845361418e+02 6.304598575420844568e-21
4.384428047293717441e+02 6.311020002553828417e-21
4.414849977747045386e+02 6.317958344682746628e-21
4.445482994764578280e+02 6.325086723212653246e-21
4.476328562998199914e+02 6.332358176680263610e-21
4.507388157262458321e+02 6.339761250899233253e-21
4.538663262605115847e+02 6.347292720888389951e-21
4.570155374378115312e+02 6.354951967260976421e-21
4.601865998309110068e+02 6.362739377951813953e-21
4.633796650573440843e+02 6.370655790749162749e-21
4.665948857866619051e+02 6.378702268714573936e-21
4.698324157477349559e+02 6.386879999421648135e-21
4.730924097361000236e+02 6.395190245797228086e-21
4.763750236213644484e+02 6.403634320471443861e-21
4.796804143546572732e+02 6.412213571638586943e-21
4.830087399761322331e+02 6.420929374897801949e-21
4.863601596225273056e+02 6.429783128362126592e-21
4.897348335347697343e+02 6.438776249627824999e-21
4.931329230656409663e+02 6.447910173846394920e-21
4.965545906874899629e+02 6.457186352468864409e-21
4.999999999999999432e+02 6.466606252410582211e-21
5.034693157380134494e+02 6.476171355491408611e-21
5.069627037794076045e+02 6.485883158052623139e-21
5.104803311530232008e+02 6.495743170693900469e-21
5.140223660466548381e+02 6.505752918094162822e-21
5.175889778150880147e+02 6.515913938888898983e-21
5.211803369882004517e+02 6.526227785587206370e-21
5.247966152791137802e+02 6.536696024518536065e-21
5.284379855924019012e+02 6.547320235800374052e-21
5.321046220323622720e+02 6.558102013320555766e-21
5.357966999113355087e+02 6.569042964732980896e-21
5.395143957580917231e+02 6.580144711461398291e-21
5.432578873262691559e+02 6.591408888709608872e-21
5.470273536028711305e+02 6.602837145481079277e-21
5.508229748168283777e+02 6.614431144601377437e-21
5.546449324476112679e+02 6.626192562749591563e-21
5.584934092339112794e+02 6.638123090494156964e-21
5.623685891823758993e+02 6.650224432341163778e-21
5.662706575764057106e+02 6.662498306790816820e-21
5.701998009850165090e+02 6.674946446412365535e-21
5.741562072717555338e+02 6.687570597942569428e-21
5.781400656036876171e+02 6.700372522418223860e-21
5.821515664604382891e+02 6.713353995362897009e-21
5.861909016432991848e+02 6.726516807056078584e-21
5.902582642844026850e+02 6.739862762937312147e-21
5.943538488559515827e+02 6.753393684232193817e-21
5.984778511795212808e+02 6.767111408959316149e-21
6.026304684354212213e+02 6.781017793624287532e-21
6.068118991721202065e+02 6.795114716199555067e-21
6.110223433157442514e+02 6.809404081660540599e-21
6.152620021796307128e+02 6.823887832970434937e-21
6.195310784739577912e+02 6.838567974668963731e-21
6.238297763154347422e+02 6.853446628925261958e-21
6.281583012370599590e+02 6.868526187664086003e-21
6.325168601979518144e+02 6.883809809549923311e-21
6.369056615932391878e+02 6.899303571390117400e-21
6.413249152640298689e+02 6.915031850076932618e-21
6.457748325074419427e+02 6.931492993565367337e-21
6.502556260867041829e+02 6.947362147482473972e-21
6.547675102413337527e+02 6.963339058076010989e-21
6.593107006973741591e+02 6.979840565682222446e-21
6.638854146777144933e+02 6.996580067835719371e-21
6.684918709124732459e+02 7.013542547229366117e-21
6.731302896494547667e+02 7.030726772985825474e-21
6.778008926646843975e+02 7.048133838571448291e-21
6.825039032730068129e+02 7.065765462089891159e-21
6.872395463387682639e+02 7.083623584452955650e-21
6.920080482865656677e+02 7.101710245202779455e-21
6.968096371120709591e+02 7.120027536644001672e-21
7.016445423929365006e+02 7.138577584576725036e-21
7.065129952997667715e+02 7.157362539371300658e-21
7.114152286071758908e+02 7.176384571502934558e-21
7.163514767049153988e+02 7.195645869174596598e-21
7.213219756090785495e+02 7.215148636987207984e-21
7.263269629733905504e+02 7.234895095160856886e-21
7.313666781005648545e+02 7.254887479064217017e-21
7.364413619537507429e+02 7.275128038922921214e-21
7.415512571680520750e+02 7.295619039633776908e-21
7.466966080621258470e+02 7.316362760645769229e-21
7.518776606498690853e+02 7.337361495884541987e-21
7.570946626521758844e+02 7.358617553706927666e-21
7.623478635087872135e+02 7.380133256875720754e-21
7.676375143902112086e+02 7.401910942554446133e-21
7.729638682097383935e+02 7.423952962316665231e-21
7.783271796355309107e+02 7.446261682176465906e-21
7.837277051027973584e+02 7.468839482641861856e-21
7.891657028260589186e+02 7.491688758809352777e-21
7.946414328114889258e+02 7.514811920512371425e-21
8.001551568693499803e+02 7.538211392578190640e-21
8.057071386265098454e+02 7.561889615265909903e-21
8.112976435390434062e+02 7.585849045058342060e-21
8.169269389049309211e+02 7.610092156173353746e-21
8.225952938768310787e+02 7.634621443652616153e-21
8.283029794749566008e+02 7.659439430247120558e-21
8.340502686000294261e+02 7.684548683582292263e-21
8.398374360463265020e+02 7.709951865919620811e-21
8.456647585148242570e+02 7.735651913300772774e-21
8.515325146264220848e+02 7.761652947316958519e-21
8.574409849352695119e+02 7.787969563954983563e-21
8.633904519421778332e+02 7.829893242379819506e-21
8.693812001081250855e+02 7.841483206612506957e-21
8.754135158678624293e+02 7.868681314034174504e-21
8.814876876436027260e+02 7.896207843339585342e-21
8.876040058588170041e+02 7.924051038728971821e-21
8.937627629521176686e+02 7.952211883388526336e-21
8.999642533912381168e+02 7.980692643648396577e-21
9.062087736871186507e+02 8.009495865277787473e-21
9.124966224080760639e+02 8.038624187055669317e-21
9.188281001940850956e+02 8.068080290970627440e-21
9.252035097711509479e+02 8.097866885562564265e-21
9.316231559657798016e+02 8.127986699411202384e-21
9.380873457195606306e+02 8.158442478273716317e-21
9.445963881038330783e+02 8.189236983706600239e-21
9.511505943344717480e+02 8.220372992344947382e-21
9.577502777867638315e+02 8.251853295501973962e-21
9.643957540103887141e+02 8.283680698929192755e-21
9.710873407445130852e+02 8.315858022665355495e-21
9.778253579329743843e+02 8.348388100937748957e-21
9.846101277395855504e+02 8.381273782096052809e-21
9.914419745635356094e+02 8.414517928575849258e-21
9.983212250548965585e+02 8.448123416893132644e-21
1.005248208130249395e+03 8.482093137686651311e-21
1.012223254988401777e+03 8.516429995845950352e-21
1.019246699126230965e+03 8.551136910804710299e-21
1.026318876354625900e+03 8.586216817198343864e-21
1.033440124814540923e+03 8.621672666368770147e-21
1.040610784993169545e+03 8.657507430096943601e-21
1.047831199740216334e+03 8.693724111076915703e-21
1.055101714284297032e+03 8.730325778401241633e-21
1.062422676249441338e+03 8.767315729577418900e-21
1.069794435671710517e+03 8.804698782053027833e-21
1.077217345015942101e+03 8.842548730030735732e-21
1.084691759192592144e+03 8.880652922998103541e-21
1.092218035574712985e+03 8.919212031344913784e-21
1.099796534015037196e+03 8.958184445040213614e-21
1.107427616863179537e+03 8.997563931489999391e-21
1.115111648982969200e+03 9.037352838558378623e-21
1.122848997769886864e+03 9.077554110293718040e-21
1.130640033168638411e+03 9.118170809218401242e-21
1.138485127690839818e+03 9.159206038955514021e-21
1.146384656432824158e+03 9.200662924965514008e-21
1.154338997093584794e+03 9.242544608283882880e-21
1.162348529992823842e+03 9.284854243023521730e-21
1.170413638089145707e+03 9.327594995174045091e-21
1.178534706998363845e+03 9.370770041902788733e-21
1.186712125011933040e+03 9.414382571073548362e-21
1.194946283115524921e+03 9.458435780860247096e-21
1.203237575007711939e+03 9.502932879413257576e-21
1.211586397118798914e+03 9.547877084557453760e-21
1.219993148629774851e+03 9.593271623540270704e-21
1.228458231491394827e+03 9.639119732862764390e-21
1.236982050443406933e+03 9.685424658318843525e-21
1.245565013033894047e+03 9.732189655562033104e-21
1.254207529638769074e+03 9.779417992218460303e-21
1.262910013481392070e+03 9.827112955301082909e-21
1.271672880652324011e+03 9.875277882282844668e-21
1.280496550129229490e+03 9.923916356387405556e-21
1.289381443796900385e+03 9.973035680741210986e-21
1.298327986467434812e+03 1.002264349644744733e-20
1.307336605900545919e+03 1.007270197948557375e-20
1.316407732824009827e+03 1.012326448871655838e-20
1.325541800954269320e+03 1.017431726113097466e-20
1.334739247017160324e+03 1.022586308304221786e-20
1.344000510768802087e+03 1.027790517637184965e-20
1.353326035016620381e+03 1.033044682699338447e-20
1.362716265640513711e+03 1.038349133687507600e-20
1.372171651614182565e+03 1.043704201304698075e-20
1.381692645026584842e+03 1.049110216380637799e-20
1.391279701103562729e+03 1.054567509683892584e-20
1.400933278229597590e+03 1.060076411794485413e-20
1.410653837969735150e+03 1.065637252997727155e-20
1.420441845091651885e+03 1.071250363186439198e-20
1.430297767587870794e+03 1.076916071767148480e-20
1.440222076698148840e+03 1.082634707572519215e-20
1.450215246931995580e+03 1.088406598790112290e-20
1.460277756091372339e+03 1.094232072942874392e-20
1.470410085293531665e+03 1.100111457068960886e-20
1.480612718994017087e+03 1.106045079242971603e-20
1.490886145009836582e+03 1.112033402102845217e-20
1.501230854542774523e+03 1.118076412568160270e-20
1.511647342202888012e+03 1.124193824456723410e-20
1.522136106032151247e+03 1.130328401945531771e-20
1.532697647528263133e+03 1.136537961397539715e-20
1.543332471668637027e+03 1.142803724814277491e-20
1.554041086934531677e+03 1.149125966351746593e-20
1.564824005335374977e+03 1.155504993008941096e-20
1.575681742433239378e+03 1.161941113420709422e-20
1.586614817367487831e+03 1.168434634637329098e-20
1.597623752879606627e+03 1.174985861367147738e-20
1.608709075338185585e+03 1.181595095648365015e-20
1.619871314764097406e+03 1.188262636625087779e-20
1.631111004855834835e+03 1.194988780355427241e-20
1.642428683015021534e+03 1.201773819631083269e-20
1.653824890372120990e+03 1.208618043805817311e-20
1.665300171812294138e+03 1.215521738639860420e-20
1.676855076001464113e+03 1.222485186191347086e-20
1.688490155412545391e+03 1.229508664882866038e-20
1.700205966351852794e+03 1.236592450475169203e-20
1.712003068985712616e+03 1.243736825619639183e-20
1.723882027367231785e+03 1.250942875855447568e-20
1.735843409463279386e+03 1.258208340207768873e-20
1.747887787181637350e+03 1.265535928435586524e-20
1.760015736398339186e+03 1.272925167519584352e-20
1.772227836985217436e+03 1.280376260426456900e-20
1.784524672837614617e+03 1.287889443428438124e-20
1.796906831902312661e+03 1.295464950511894987e-20
1.809374906205639945e+03 1.303103010958079891e-20
1.821929491881772037e+03 1.310803848970011990e-20
1.834571189201246852e+03 1.318567683663865126e-20
1.847300602599651029e+03 1.326394729209383469e-20
1.860118340706532763e+03 1.334285195094693271e-20
1.873025016374496317e+03 1.342239286532370452e-20
1.886021246708498438e+03 1.350257205052858586e-20
1.899107653095367823e+03 1.358339149388070510e-20
1.912284861233499214e+03 1.366485317046796915e-20
1.925553501162784187e+03 1.374695910221395660e-20
1.938914207294728385e+03 1.382971474591091303e-20
1.952367618442779758e+03 1.391311138777091588e-20
1.965914377852884854e+03 1.399716148658466509e-20
1.979555133234229061e+03 1.408186423747298915e-20
1.993290536790218994e+03 1.416722177629764919e-20
2.007121245249660660e+03 1.425323666709397909e-20
2.021047919898152713e+03 1.433991182032694067e-20
2.035071226609719133e+03 1.442725061144766966e-20
2.049191835878630627e+03 1.451525705633497159e-20
2.063410422851475687e+03 1.460393605512537131e-20
2.077727667359437419e+03 1.469329373305307230e-20
2.092144253950789789e+03 1.478333792361315066e-20
2.106660871923644208e+03 1.487407886537438704e-20
2.121278215358888247e+03 1.496553022757520073e-20
2.135996983153388101e+03 1.505771066242632355e-20
2.150817879053397064e+03 1.515064656879869960e-20
2.165741611688199100e+03 1.524437385098943616e-20
2.180768894604002526e+03 1.533894750791491465e-20
2.195900446298042880e+03 1.543445005160926299e-20
2.211136990252948181e+03 1.553101006861776461e-20
2.226479254971327464e+03 1.562883859929032303e-20
2.241927974010592607e+03 1.572830067552021062e-20
2.257483886018050725e+03 1.583007267763988727e-20
2.273147734766199392e+03 1.593552617703839179e-20
2.288920269188307884e+03 1.604780701152488558e-20
2.304802243414216719e+03 1.617554348660162786e-20
2.320794416806388199e+03 1.635026088505329795e-20
2.336897553996231636e+03 1.677316133530667282e-20
2.353112424920640478e+03 2.719007350387423620e-20
2.369439804858825028e+03 1.754077322133930882e-20
2.385880474469372530e+03 1.680033863448117005e-20
2.402435219827564197e+03 1.678302473119379456e-20
2.419104832462978266e+03 1.684814419795906886e-20
2.435890109397314973e+03 1.693508497111159850e-20
2.452791853182522573e+03 1.703042278643116212e-20
2.469810871939159824e+03 1.712984218395801916e-20
2.486947979395030870e+03 1.723161634558805904e-20
2.504203994924105700e+03 1.733494432376586159e-20
2.521579743585678898e+03 1.743941180680240553e-20
2.539076056163837620e+03 1.754478508042847209e-20
2.556693769207162859e+03 1.765092224717254090e-20
2.574433725068745844e+03 1.775773129599154646e-20
2.592296771946456374e+03 1.786514913746189108e-20
2.610283763923487186e+03 1.797312759746743888e-20
2.628395561009212088e+03 1.808163223705744164e-20
2.646633029180280118e+03 1.819063290929519092e-20
2.664997040422043483e+03 1.830010417487064569e-20
2.683488472770237877e+03 1.841002323892875920e-20
2.702108210352957030e+03 1.852036894985143646e-20
2.720857143432946032e+03 1.863112112920855635e-20
2.739736168450142941e+03 1.874226010971773623e-20
2.758746188064561011e+03 1.885376640890537630e-20
2.777888111199438299e+03 1.896562049589274520e-20
2.797162853084688322e+03 1.907780277577800623e-20
2.816571335300678584e+03 1.919029260211348071e-20
2.836114485822271490e+03 1.930306985714795608e-20
2.855793239063214060e+03 1.941611330019253505e-20
2.875608535920806389e+03 1.952940114711777121e-20
2.895561323820878897e+03 1.964291096356592113e-20
2.915652556763111988e+03 1.975661959269066379e-20
2.935883195366627206e+03 1.987050311028144627e-20
2.956254206915937175e+03 1.998453678538455388e-20
2.976766565407184771e+03 2.009869505706744856e-20
2.997421251594703790e+03 2.021295144190634773e-20
3.018219253037934777e+03 2.032734424603784308e-20
3.039161564148614616e+03 2.044164822381659953e-20
3.060249186238348102e+03 2.055603104310608576e-20
3.081483127566470557e+03 2.067039679856253814e-20
3.102864403388249684e+03 2.078471418650669325e-20
3.124394036003446672e+03 2.089895085175089601e-20
3.146073054805171523e+03 2.101307335452247166e-20
3.167902496329123551e+03 2.112704714174309980e-20
3.189883404303140651e+03 2.124083651889011130e-20
3.212016829697095091e+03 2.135440462521097658e-20
3.234303830773163099e+03 2.146771941407602860e-20
3.256745473136400960e+03 2.158072350428333220e-20
3.279342829785714002e+03 2.169339444265834498e-20
3.302096981165152101e+03 2.180568436757374811e-20
3.325009015215558520e+03 2.191755012581020987e-20
3.348080027426610741e+03 2.202894722221573257e-20
3.371311120889170525e+03 2.213982978746500458e-20
3.394703406348052340e+03 2.225015054798209216e-20
3.418258002255118754e+03 2.235986079675360309e-20
3.441976034822747806e+03 2.246891042265737682e-20
3.465858638077703290e+03 2.257724756261709341e-20
3.489906953915329723e+03 2.268481920727573702e-20
3.514122132154172050e+03 2.279157055350200513e-20
3.538505330590944141e+03 2.289744525495479033e-20
3.563057715055871995e+03 2.300238535086619705e-20
3.587780459468463505e+03 2.310633123019968132e-20
3.612674745893606541e+03 2.320922160021660510e-20
3.637741764598112240e+03 2.331099345651694255e-20
3.662982714107614811e+03 2.341160415055956167e-20
3.688398801263864698e+03 2.351092083473872445e-20
3.713991241282458759e+03 2.360894149807142986e-20
3.739761257810910138e+03 2.370557386319427526e-20
3.765710082987183341e+03 2.380074588687738612e-20
3.791838957498594937e+03 2.389438362714124977e-20
3.818149130641120337e+03 2.398641121152171122e-20
3.844641860379156242e+03 2.407675080720981063e-20
3.871318413405634146e+03 2.416532262378573414e-20
3.898180065202614060e+03 2.425204471081199667e-20
3.925228100102254302e+03 2.433683327720075085e-20
3.952463811348209674e+03 2.441960232169243361e-20
3.979888501157492556e+03 2.450026376489972894e-20
4.007503480782701899e+03 2.457872739712662366e-20
4.035310070574748806e+03 2.465490085040371797e-20
4.063309600045972275e+03 2.472868957390613417e-20
4.091503407933694234e+03 2.479999765116589513e-20
4.119892842264259343e+03 2.486872355826334830e-20
4.148479260417452679e+03 2.493476858976743440e-20
4.177264029191431291e+03 2.499802839030312383e-20
4.206248524868058666e+03 2.505839715917374003e-20
4.235434133278700756e+03 2.511576679303988627e-20
4.264822249870511769e+03 2.517002687305727291e-20
4.294414279773124690e+03 2.522106466047003021e-20
4.324211637865858393e+03 2.526876506580794156e-20
4.354215748845361304e+03 2.531301069565980072e-20
4.384428047293712552e+03 2.535368182166165158e-20
4.414849977747045159e+03 2.539065639987951260e-20
4.445482994764578507e+03 2.542381009898649923e-20
4.476328562998200141e+03 2.545301633353325775e-20
4.507388157262457753e+03 2.547814631640329133e-20
4.538663262605111413e+03 2.549906912122680346e-20
4.570155374378115084e+03 2.551565181174526187e-20
4.601865998309110182e+03 2.552775957554023101e-20
4.633796650573441184e+03 2.553525593997339207e-20
4.665948857866618710e+03 2.553800309411171859e-20
4.698324157477344670e+03 2.553586235796514676e-20
4.730924097361000349e+03 2.552869492408318871e-20
4.763750236213644712e+03 2.551636287788171792e-20
4.796804143546572959e+03 2.549873128824798869e-20
4.830087399761322558e+03 2.547567116441090705e-20
4.863601596225267713e+03 2.544706534277843471e-20
4.897348335347696775e+03 2.541281964772323237e-20
4.931329230656409891e+03 2.537288645567896475e-20
4.965545906874899629e+03 2.532732007418161882e-20
4.999999999999999091e+03 2.527642771267376646e-20
